,Year,Month,Day,Count,Data
0,2017,2,7,35,2017-02-07
1,2017,2,8,74,2017-02-08
2,2017,2,9,54,2017-02-09
3,2017,2,10,35,2017-02-10
4,2017,2,11,41,2017-02-11
5,2017,2,12,49,2017-02-12
6,2017,2,13,56,2017-02-13
7,2017,2,14,32,2017-02-14
8,2017,2,15,43,2017-02-15
9,2017,2,16,14,2017-02-16
10,2017,2,17,31,2017-02-17
11,2017,2,18,19,2017-02-18
12,2017,2,19,23,2017-02-19
13,2017,2,20,26,2017-02-20
14,2017,2,21,13,2017-02-21
15,2017,2,22,23,2017-02-22
16,2017,2,23,27,2017-02-23
17,2017,2,24,16,2017-02-24
18,2017,2,25,29,2017-02-25
19,2017,2,26,15,2017-02-26
20,2017,2,27,15,2017-02-27
21,2017,2,28,20,2017-02-28
22,2017,3,1,24,2017-03-01
23,2017,3,2,24,2017-03-02
24,2017,3,3,11,2017-03-03
25,2017,3,4,14,2017-03-04
26,2017,3,5,20,2017-03-05
27,2017,3,6,16,2017-03-06
28,2017,3,7,22,2017-03-07
29,2017,3,8,9,2017-03-08
30,2017,3,9,14,2017-03-09
31,2017,3,10,27,2017-03-10
32,2017,3,11,6,2017-03-11
33,2017,3,12,77,2017-03-12
34,2017,3,13,33,2017-03-13
35,2017,3,14,11,2017-03-14
36,2017,3,15,8,2017-03-15
37,2017,3,16,4,2017-03-16
38,2017,3,17,5,2017-03-17
39,2017,3,18,6,2017-03-18
40,2017,3,19,8,2017-03-19
41,2017,3,20,4,2017-03-20
42,2017,3,21,7,2017-03-21
43,2017,3,22,3,2017-03-22
44,2017,3,23,15,2017-03-23
45,2017,3,24,12,2017-03-24
46,2017,3,25,9,2017-03-25
47,2017,3,26,2,2017-03-26
48,2017,3,27,5,2017-03-27
49,2017,3,28,5,2017-03-28
50,2017,3,29,8,2017-03-29
51,2017,3,30,8,2017-03-30
52,2017,3,31,8,2017-03-31
53,2017,4,1,3,2017-04-01
54,2017,4,2,1,2017-04-02
55,2017,4,3,3,2017-04-03
56,2017,4,4,4,2017-04-04
57,2017,4,5,2,2017-04-05
58,2017,4,6,5,2017-04-06
59,2017,4,7,3,2017-04-07
60,2017,4,8,6,2017-04-08
61,2017,4,10,7,2017-04-10
62,2017,4,11,7,2017-04-11
63,2017,4,12,3,2017-04-12
64,2017,4,13,5,2017-04-13
65,2017,4,14,6,2017-04-14
66,2017,4,15,1,2017-04-15
67,2017,4,18,8,2017-04-18
68,2017,4,19,6,2017-04-19
69,2017,4,20,12,2017-04-20
70,2017,4,21,6,2017-04-21
71,2017,4,23,6,2017-04-23
72,2017,4,24,5,2017-04-24
73,2017,4,25,7,2017-04-25
74,2017,4,26,3,2017-04-26
75,2017,4,27,6,2017-04-27
76,2017,4,28,6,2017-04-28
77,2017,4,29,6,2017-04-29
78,2017,4,30,5,2017-04-30
79,2017,5,1,10,2017-05-01
80,2017,5,3,3,2017-05-03
81,2017,5,4,2,2017-05-04
82,2017,5,5,5,2017-05-05
83,2017,5,6,5,2017-05-06
84,2017,5,7,8,2017-05-07
85,2017,5,8,2,2017-05-08
86,2017,5,9,3,2017-05-09
87,2017,5,10,4,2017-05-10
88,2017,5,11,1,2017-05-11
89,2017,5,13,4,2017-05-13
90,2017,5,14,6,2017-05-14
91,2017,5,15,1,2017-05-15
92,2017,5,16,1,2017-05-16
93,2017,5,17,2,2017-05-17
94,2017,5,18,1,2017-05-18
95,2017,5,19,2,2017-05-19
96,2017,5,20,5,2017-05-20
97,2017,5,21,6,2017-05-21
98,2017,5,22,5,2017-05-22
99,2017,5,23,12,2017-05-23
100,2017,5,24,2,2017-05-24
101,2017,5,25,3,2017-05-25
102,2017,5,26,6,2017-05-26
103,2017,5,27,2,2017-05-27
104,2017,5,30,1,2017-05-30
105,2017,5,31,1,2017-05-31
106,2017,6,1,2,2017-06-01
107,2017,6,3,1,2017-06-03
108,2017,6,4,5,2017-06-04
109,2017,6,5,7,2017-06-05
110,2017,6,6,2,2017-06-06
111,2017,6,8,1,2017-06-08
112,2017,6,9,2,2017-06-09
113,2017,6,10,2,2017-06-10
114,2017,6,12,4,2017-06-12
115,2017,6,13,1,2017-06-13
116,2017,6,14,2,2017-06-14
117,2017,6,15,2,2017-06-15
118,2017,6,16,1,2017-06-16
119,2017,6,18,2,2017-06-18
120,2017,6,20,1,2017-06-20
121,2017,6,22,2,2017-06-22
122,2017,6,23,1,2017-06-23
123,2017,6,24,1,2017-06-24
124,2017,6,25,1,2017-06-25
125,2017,6,27,4,2017-06-27
126,2017,6,28,3,2017-06-28
127,2017,6,29,1,2017-06-29
128,2017,7,3,2,2017-07-03
129,2017,7,4,1,2017-07-04
130,2017,7,7,1,2017-07-07
131,2017,7,10,2,2017-07-10
132,2017,7,11,5,2017-07-11
133,2017,7,12,1,2017-07-12
134,2017,7,13,1,2017-07-13
135,2017,7,14,1,2017-07-14
136,2017,7,15,1,2017-07-15
137,2017,7,17,2,2017-07-17
138,2017,7,18,5,2017-07-18
139,2017,7,19,7,2017-07-19
140,2017,7,20,3,2017-07-20
141,2017,7,21,3,2017-07-21
142,2017,7,22,4,2017-07-22
143,2017,7,23,2,2017-07-23
144,2017,7,24,2,2017-07-24
145,2017,7,25,6,2017-07-25
146,2017,7,26,2,2017-07-26
147,2017,7,27,6,2017-07-27
148,2017,7,29,2,2017-07-29
149,2017,7,30,5,2017-07-30
150,2017,7,31,4,2017-07-31
151,2017,8,1,7,2017-08-01
152,2017,8,2,6,2017-08-02
153,2017,8,3,1,2017-08-03
154,2017,8,4,4,2017-08-04
155,2017,8,7,1,2017-08-07
156,2017,8,8,2,2017-08-08
157,2017,8,9,2,2017-08-09
158,2017,8,12,4,2017-08-12
159,2017,8,14,3,2017-08-14
160,2017,8,15,1,2017-08-15
161,2017,8,16,1,2017-08-16
162,2017,8,17,4,2017-08-17
163,2017,8,18,3,2017-08-18
164,2017,8,19,4,2017-08-19
165,2017,8,20,6,2017-08-20
166,2017,8,21,3,2017-08-21
167,2017,8,22,6,2017-08-22
168,2017,8,23,4,2017-08-23
169,2017,8,26,2,2017-08-26
170,2017,8,27,2,2017-08-27
171,2017,8,28,2,2017-08-28
172,2017,8,29,3,2017-08-29
173,2017,9,3,5,2017-09-03
174,2017,9,5,4,2017-09-05
175,2017,9,6,1,2017-09-06
176,2017,9,8,2,2017-09-08
177,2017,9,9,1,2017-09-09
178,2017,9,11,1,2017-09-11
179,2017,9,12,2,2017-09-12
180,2017,9,13,1,2017-09-13
181,2017,9,14,1,2017-09-14
182,2017,9,15,1,2017-09-15
183,2017,9,17,5,2017-09-17
184,2017,9,18,3,2017-09-18
185,2017,9,20,4,2017-09-20
186,2017,9,21,1,2017-09-21
187,2017,9,23,3,2017-09-23
188,2017,9,24,2,2017-09-24
189,2017,9,25,1,2017-09-25
190,2017,9,26,5,2017-09-26
191,2017,9,27,3,2017-09-27
192,2017,9,28,1,2017-09-28
193,2017,9,30,15,2017-09-30
194,2017,10,2,1,2017-10-02
195,2017,10,4,2,2017-10-04
196,2017,10,5,5,2017-10-05
197,2017,10,6,2,2017-10-06
198,2017,10,7,5,2017-10-07
199,2017,10,9,9,2017-10-09
200,2017,10,10,3,2017-10-10
201,2017,10,11,4,2017-10-11
202,2017,10,12,1,2017-10-12
203,2017,10,13,2,2017-10-13
204,2017,10,15,2,2017-10-15
205,2017,10,16,2,2017-10-16
206,2017,10,17,4,2017-10-17
207,2017,10,18,3,2017-10-18
208,2017,10,19,5,2017-10-19
209,2017,10,21,2,2017-10-21
210,2017,10,24,4,2017-10-24
211,2017,10,25,4,2017-10-25
212,2017,10,26,3,2017-10-26
213,2017,10,29,1,2017-10-29
214,2017,10,30,3,2017-10-30
215,2017,10,31,3,2017-10-31
216,2017,11,1,4,2017-11-01
217,2017,11,2,4,2017-11-02
218,2017,11,3,4,2017-11-03
219,2017,11,4,9,2017-11-04
220,2017,11,6,6,2017-11-06
221,2017,11,7,4,2017-11-07
222,2017,11,8,4,2017-11-08
223,2017,11,9,3,2017-11-09
224,2017,11,11,2,2017-11-11
225,2017,11,12,3,2017-11-12
226,2017,11,13,2,2017-11-13
227,2017,11,14,2,2017-11-14
228,2017,11,15,2,2017-11-15
229,2017,11,17,2,2017-11-17
230,2017,11,18,4,2017-11-18
231,2017,11,19,4,2017-11-19
232,2017,11,20,4,2017-11-20
233,2017,11,21,4,2017-11-21
234,2017,11,22,3,2017-11-22
235,2017,11,23,3,2017-11-23
236,2017,11,24,2,2017-11-24
237,2017,11,26,2,2017-11-26
238,2017,11,27,1,2017-11-27
239,2017,11,28,1,2017-11-28
240,2017,11,29,2,2017-11-29
241,2017,12,1,2,2017-12-01
242,2017,12,4,2,2017-12-04
243,2017,12,7,1,2017-12-07
244,2017,12,11,2,2017-12-11
245,2017,12,15,1,2017-12-15
246,2017,12,20,1,2017-12-20
247,2017,12,23,1,2017-12-23
248,2017,12,24,1,2017-12-24
249,2017,12,25,3,2017-12-25
250,2017,12,26,1,2017-12-26
251,2017,12,27,2,2017-12-27
252,2018,1,2,1,2018-01-02
253,2018,1,5,1,2018-01-05
254,2018,1,6,2,2018-01-06
255,2018,1,11,1,2018-01-11
256,2018,1,12,1,2018-01-12
257,2018,1,16,2,2018-01-16
258,2018,1,19,2,2018-01-19
259,2018,1,21,1,2018-01-21
260,2018,1,23,1,2018-01-23
261,2018,1,26,4,2018-01-26
262,2018,1,27,1,2018-01-27
263,2018,1,28,1,2018-01-28
264,2018,2,1,1,2018-02-01
265,2018,2,3,5,2018-02-03
266,2018,2,5,1,2018-02-05
267,2018,2,6,1,2018-02-06
268,2018,2,10,4,2018-02-10
269,2018,2,13,2,2018-02-13
270,2018,2,15,3,2018-02-15
271,2018,2,16,2,2018-02-16
272,2018,2,17,1,2018-02-17
273,2018,2,18,2,2018-02-18
274,2018,2,27,21,2018-02-27
275,2018,2,28,39,2018-02-28
276,2018,3,1,19,2018-03-01
277,2018,3,2,24,2018-03-02
278,2018,3,3,17,2018-03-03
279,2018,3,4,6,2018-03-04
280,2018,3,5,20,2018-03-05
281,2018,3,6,39,2018-03-06
282,2018,3,7,5,2018-03-07
283,2018,3,8,18,2018-03-08
284,2018,3,9,20,2018-03-09
285,2018,3,10,9,2018-03-10
286,2018,3,11,15,2018-03-11
287,2018,3,12,41,2018-03-12
288,2018,3,13,38,2018-03-13
289,2018,3,14,7,2018-03-14
290,2018,3,15,19,2018-03-15
291,2018,3,16,13,2018-03-16
292,2018,3,17,14,2018-03-17
293,2018,3,18,7,2018-03-18
294,2018,3,19,9,2018-03-19
295,2018,3,20,23,2018-03-20
296,2018,3,21,51,2018-03-21
297,2018,3,22,49,2018-03-22
298,2018,3,23,46,2018-03-23
299,2018,3,24,18,2018-03-24
300,2018,3,25,26,2018-03-25
301,2018,3,26,34,2018-03-26
302,2018,3,27,37,2018-03-27
303,2018,3,28,16,2018-03-28
304,2018,3,29,15,2018-03-29
305,2018,3,30,3,2018-03-30
306,2018,3,31,8,2018-03-31
307,2018,4,1,6,2018-04-01
308,2018,4,2,17,2018-04-02
309,2018,4,3,8,2018-04-03
310,2018,4,4,14,2018-04-04
311,2018,4,5,17,2018-04-05
312,2018,4,6,15,2018-04-06
313,2018,4,7,6,2018-04-07
314,2018,4,8,9,2018-04-08
315,2018,4,9,11,2018-04-09
316,2018,4,10,23,2018-04-10
317,2018,4,11,10,2018-04-11
318,2018,4,12,9,2018-04-12
319,2018,4,13,15,2018-04-13
320,2018,4,16,6,2018-04-16
321,2018,4,17,39,2018-04-17
322,2018,4,18,10,2018-04-18
323,2018,4,19,6,2018-04-19
324,2018,4,20,15,2018-04-20
325,2018,4,21,1,2018-04-21
326,2018,4,22,14,2018-04-22
327,2018,4,23,9,2018-04-23
328,2018,4,24,14,2018-04-24
329,2018,4,25,26,2018-04-25
330,2018,4,26,5,2018-04-26
331,2018,4,27,7,2018-04-27
332,2018,4,28,15,2018-04-28
333,2018,4,29,12,2018-04-29
334,2018,4,30,5,2018-04-30
335,2018,5,1,12,2018-05-01
336,2018,5,2,11,2018-05-02
337,2018,5,3,6,2018-05-03
338,2018,5,4,1,2018-05-04
339,2018,5,5,7,2018-05-05
340,2018,5,6,3,2018-05-06
341,2018,5,7,10,2018-05-07
342,2018,5,8,2,2018-05-08
343,2018,5,9,4,2018-05-09
344,2018,5,10,10,2018-05-10
345,2018,5,11,5,2018-05-11
346,2018,5,12,11,2018-05-12
347,2018,5,13,6,2018-05-13
348,2018,5,14,4,2018-05-14
349,2018,5,15,4,2018-05-15
350,2018,5,19,7,2018-05-19
351,2018,5,20,2,2018-05-20
352,2018,5,21,13,2018-05-21
353,2018,5,22,6,2018-05-22
354,2018,5,23,7,2018-05-23
355,2018,5,25,10,2018-05-25
356,2018,5,26,3,2018-05-26
357,2018,5,27,2,2018-05-27
358,2018,5,28,6,2018-05-28
359,2018,5,29,7,2018-05-29
360,2018,5,30,4,2018-05-30
361,2018,5,31,7,2018-05-31
362,2018,6,1,17,2018-06-01
363,2018,6,2,5,2018-06-02
364,2018,6,3,9,2018-06-03
365,2018,6,4,16,2018-06-04
366,2018,6,5,12,2018-06-05
367,2018,6,6,6,2018-06-06
368,2018,6,7,20,2018-06-07
369,2018,6,8,1,2018-06-08
370,2018,6,9,2,2018-06-09
371,2018,6,10,3,2018-06-10
372,2018,6,11,1,2018-06-11
373,2018,6,12,1,2018-06-12
374,2018,6,13,1,2018-06-13
375,2018,6,14,2,2018-06-14
376,2018,6,15,2,2018-06-15
377,2018,6,16,1,2018-06-16
378,2018,6,17,2,2018-06-17
379,2018,6,18,5,2018-06-18
380,2018,6,19,3,2018-06-19
381,2018,6,20,3,2018-06-20
382,2018,6,21,9,2018-06-21
383,2018,6,22,6,2018-06-22
384,2018,6,23,2,2018-06-23
385,2018,6,25,10,2018-06-25
386,2018,6,26,12,2018-06-26
387,2018,6,27,2,2018-06-27
388,2018,6,28,3,2018-06-28
389,2018,6,29,8,2018-06-29
390,2018,6,30,5,2018-06-30
391,2018,7,1,11,2018-07-01
392,2018,7,2,9,2018-07-02
393,2018,7,3,7,2018-07-03
394,2018,7,4,13,2018-07-04
395,2018,7,5,13,2018-07-05
396,2018,7,6,18,2018-07-06
397,2018,7,7,6,2018-07-07
398,2018,7,8,12,2018-07-08
399,2018,7,9,1,2018-07-09
400,2018,7,10,7,2018-07-10
401,2018,7,11,1,2018-07-11
402,2018,7,12,13,2018-07-12
403,2018,7,13,6,2018-07-13
404,2018,7,14,1,2018-07-14
405,2018,7,16,3,2018-07-16
406,2018,7,17,9,2018-07-17
407,2018,7,18,1,2018-07-18
408,2018,7,19,5,2018-07-19
409,2018,7,20,4,2018-07-20
410,2018,7,21,1,2018-07-21
411,2018,7,22,7,2018-07-22
412,2018,7,23,12,2018-07-23
413,2018,7,24,6,2018-07-24
414,2018,7,25,3,2018-07-25
415,2018,7,26,1,2018-07-26
416,2018,7,27,5,2018-07-27
417,2018,7,28,5,2018-07-28
418,2018,7,29,3,2018-07-29
419,2018,7,30,21,2018-07-30
420,2018,7,31,10,2018-07-31
421,2018,8,1,12,2018-08-01
422,2018,8,2,2,2018-08-02
423,2018,8,3,14,2018-08-03
424,2018,8,4,5,2018-08-04
425,2018,8,5,12,2018-08-05
426,2018,8,6,7,2018-08-06
427,2018,8,7,1,2018-08-07
428,2018,8,8,1,2018-08-08
429,2018,8,9,12,2018-08-09
430,2018,8,10,6,2018-08-10
431,2018,8,11,3,2018-08-11
432,2018,8,13,2,2018-08-13
433,2018,8,15,2,2018-08-15
434,2018,8,17,3,2018-08-17
435,2018,8,18,5,2018-08-18
436,2018,8,19,6,2018-08-19
437,2018,8,20,4,2018-08-20
438,2018,8,21,9,2018-08-21
439,2018,8,22,12,2018-08-22
440,2018,8,23,3,2018-08-23
441,2018,8,24,3,2018-08-24
442,2018,8,25,1,2018-08-25
443,2018,8,26,5,2018-08-26
444,2018,8,27,3,2018-08-27
445,2018,8,28,7,2018-08-28
446,2018,8,29,19,2018-08-29
447,2018,8,30,10,2018-08-30
448,2018,8,31,6,2018-08-31
449,2018,9,1,4,2018-09-01
450,2018,9,2,4,2018-09-02
451,2018,9,3,9,2018-09-03
452,2018,9,4,8,2018-09-04
453,2018,9,5,10,2018-09-05
454,2018,9,6,24,2018-09-06
455,2018,9,7,6,2018-09-07
456,2018,9,8,8,2018-09-08
457,2018,9,9,4,2018-09-09
458,2018,9,10,7,2018-09-10
459,2018,9,11,8,2018-09-11
460,2018,9,12,8,2018-09-12
461,2018,9,13,4,2018-09-13
462,2018,9,15,2,2018-09-15
463,2018,9,16,4,2018-09-16
464,2018,9,17,3,2018-09-17
465,2018,9,18,5,2018-09-18
466,2018,9,20,1,2018-09-20
467,2018,9,21,1,2018-09-21
468,2018,9,24,4,2018-09-24
469,2018,9,25,1,2018-09-25
470,2018,9,26,1,2018-09-26
471,2018,9,27,9,2018-09-27
472,2018,9,28,7,2018-09-28
473,2018,9,30,3,2018-09-30
474,2018,10,1,2,2018-10-01
475,2018,10,2,2,2018-10-02
476,2018,10,3,3,2018-10-03
477,2018,10,4,7,2018-10-04
478,2018,10,5,6,2018-10-05
479,2018,10,6,2,2018-10-06
480,2018,10,8,2,2018-10-08
481,2018,10,9,4,2018-10-09
482,2018,10,10,2,2018-10-10
483,2018,10,11,3,2018-10-11
484,2018,10,12,6,2018-10-12
485,2018,10,14,1,2018-10-14
486,2018,10,15,8,2018-10-15
487,2018,10,16,2,2018-10-16
488,2018,10,17,5,2018-10-17
489,2018,10,18,11,2018-10-18
490,2018,10,19,4,2018-10-19
491,2018,10,20,3,2018-10-20
492,2018,10,21,5,2018-10-21
493,2018,10,22,2,2018-10-22
494,2018,10,23,5,2018-10-23
495,2018,10,24,2,2018-10-24
496,2018,10,25,2,2018-10-25
497,2018,10,26,2,2018-10-26
498,2018,10,27,7,2018-10-27
499,2018,10,28,1,2018-10-28
500,2018,10,29,4,2018-10-29
501,2018,10,30,2,2018-10-30
502,2018,11,1,4,2018-11-01
503,2018,11,2,5,2018-11-02
504,2018,11,3,10,2018-11-03
505,2018,11,4,17,2018-11-04
506,2018,11,5,5,2018-11-05
507,2018,11,6,5,2018-11-06
508,2018,11,7,1,2018-11-07
509,2018,11,8,6,2018-11-08
510,2018,11,9,7,2018-11-09
511,2018,11,10,7,2018-11-10
512,2018,11,11,7,2018-11-11
513,2018,11,12,6,2018-11-12
514,2018,11,13,3,2018-11-13
515,2018,11,14,3,2018-11-14
516,2018,11,15,3,2018-11-15
517,2018,11,16,5,2018-11-16
518,2018,11,17,3,2018-11-17
519,2018,11,19,4,2018-11-19
520,2018,11,20,4,2018-11-20
521,2018,11,21,7,2018-11-21
522,2018,11,22,1,2018-11-22
523,2018,11,23,1,2018-11-23
524,2018,11,26,7,2018-11-26
525,2018,11,27,3,2018-11-27
526,2018,11,29,2,2018-11-29
527,2018,12,1,2,2018-12-01
