,Year,Month,Day,Count,Data
0,2010,7,22,2,2010-07-22
1,2010,7,31,4,2010-07-31
2,2010,8,4,1,2010-08-04
3,2010,11,18,2,2010-11-18
4,2010,11,19,2,2010-11-19
5,2011,3,8,5,2011-03-08
6,2011,3,9,1,2011-03-09
7,2011,3,10,1,2011-03-10
8,2011,3,14,1,2011-03-14
9,2011,4,27,2,2011-04-27
10,2011,5,1,3,2011-05-01
11,2011,5,2,1,2011-05-02
12,2011,5,6,1,2011-05-06
13,2011,5,7,1,2011-05-07
14,2011,5,10,5,2011-05-10
15,2011,5,12,2,2011-05-12
16,2011,5,21,1,2011-05-21
17,2011,5,23,1,2011-05-23
18,2011,5,24,3,2011-05-24
19,2011,5,25,2,2011-05-25
20,2011,5,28,3,2011-05-28
21,2011,5,29,2,2011-05-29
22,2011,6,3,2,2011-06-03
23,2011,6,6,1,2011-06-06
24,2011,6,8,146,2011-06-08
25,2011,6,9,137,2011-06-09
26,2011,6,10,52,2011-06-10
27,2011,6,11,40,2011-06-11
28,2011,6,12,34,2011-06-12
29,2011,6,13,41,2011-06-13
30,2011,6,14,26,2011-06-14
31,2011,6,15,79,2011-06-15
32,2011,6,16,60,2011-06-16
33,2011,6,17,45,2011-06-17
34,2011,6,18,23,2011-06-18
35,2011,6,19,24,2011-06-19
36,2011,6,20,35,2011-06-20
37,2011,6,21,21,2011-06-21
38,2011,6,22,29,2011-06-22
39,2011,6,23,54,2011-06-23
40,2011,6,24,41,2011-06-24
41,2011,6,25,19,2011-06-25
42,2011,6,26,15,2011-06-26
43,2011,6,27,27,2011-06-27
44,2011,6,28,28,2011-06-28
45,2011,6,29,23,2011-06-29
46,2011,6,30,26,2011-06-30
47,2011,7,1,15,2011-07-01
48,2011,7,2,1,2011-07-02
49,2011,7,3,10,2011-07-03
50,2011,7,4,15,2011-07-04
51,2011,7,5,27,2011-07-05
52,2011,7,6,18,2011-07-06
53,2011,7,7,23,2011-07-07
54,2011,7,8,19,2011-07-08
55,2011,7,9,13,2011-07-09
56,2011,7,10,17,2011-07-10
57,2011,7,11,29,2011-07-11
58,2011,7,12,10,2011-07-12
59,2011,7,13,22,2011-07-13
60,2011,7,14,21,2011-07-14
61,2011,7,15,13,2011-07-15
62,2011,7,16,9,2011-07-16
63,2011,7,17,13,2011-07-17
64,2011,7,18,9,2011-07-18
65,2011,7,19,15,2011-07-19
66,2011,7,20,14,2011-07-20
67,2011,7,21,21,2011-07-21
68,2011,7,22,8,2011-07-22
69,2011,7,23,9,2011-07-23
70,2011,7,24,18,2011-07-24
71,2011,7,25,20,2011-07-25
72,2011,7,26,16,2011-07-26
73,2011,7,27,18,2011-07-27
74,2011,7,28,7,2011-07-28
75,2011,7,29,4,2011-07-29
76,2011,7,30,14,2011-07-30
77,2011,7,31,2,2011-07-31
78,2011,8,1,5,2011-08-01
79,2011,8,2,11,2011-08-02
80,2011,8,3,14,2011-08-03
81,2011,8,4,13,2011-08-04
82,2011,8,5,12,2011-08-05
83,2011,8,6,3,2011-08-06
84,2011,8,7,6,2011-08-07
85,2011,8,8,18,2011-08-08
86,2011,8,9,22,2011-08-09
87,2011,8,10,9,2011-08-10
88,2011,8,11,4,2011-08-11
89,2011,8,12,13,2011-08-12
90,2011,8,13,7,2011-08-13
91,2011,8,14,9,2011-08-14
92,2011,8,15,21,2011-08-15
93,2011,8,16,5,2011-08-16
94,2011,8,17,12,2011-08-17
95,2011,8,18,6,2011-08-18
96,2011,8,19,15,2011-08-19
97,2011,8,20,3,2011-08-20
98,2011,8,21,3,2011-08-21
99,2011,8,22,12,2011-08-22
100,2011,8,23,15,2011-08-23
101,2011,8,24,14,2011-08-24
102,2011,8,25,10,2011-08-25
103,2011,8,26,7,2011-08-26
104,2011,8,27,8,2011-08-27
105,2011,8,28,7,2011-08-28
106,2011,8,29,13,2011-08-29
107,2011,8,30,14,2011-08-30
108,2011,8,31,19,2011-08-31
109,2011,9,1,18,2011-09-01
110,2011,9,2,7,2011-09-02
111,2011,9,3,4,2011-09-03
112,2011,9,4,5,2011-09-04
113,2011,9,5,6,2011-09-05
114,2011,9,6,13,2011-09-06
115,2011,9,7,28,2011-09-07
116,2011,9,8,10,2011-09-08
117,2011,9,9,17,2011-09-09
118,2011,9,10,6,2011-09-10
119,2011,9,11,5,2011-09-11
120,2011,9,12,14,2011-09-12
121,2011,9,13,6,2011-09-13
122,2011,9,14,8,2011-09-14
123,2011,9,15,10,2011-09-15
124,2011,9,16,25,2011-09-16
125,2011,9,17,6,2011-09-17
126,2011,9,18,6,2011-09-18
127,2011,9,19,17,2011-09-19
128,2011,9,20,11,2011-09-20
129,2011,9,21,17,2011-09-21
130,2011,9,22,11,2011-09-22
131,2011,9,23,24,2011-09-23
132,2011,9,24,5,2011-09-24
133,2011,9,25,10,2011-09-25
134,2011,9,26,14,2011-09-26
135,2011,9,27,10,2011-09-27
136,2011,9,28,48,2011-09-28
137,2011,9,29,31,2011-09-29
138,2011,9,30,11,2011-09-30
139,2011,10,1,6,2011-10-01
140,2011,10,2,5,2011-10-02
141,2011,10,3,11,2011-10-03
142,2011,10,4,3,2011-10-04
143,2011,10,5,12,2011-10-05
144,2011,10,6,17,2011-10-06
145,2011,10,7,17,2011-10-07
146,2011,10,8,3,2011-10-08
147,2011,10,9,9,2011-10-09
148,2011,10,10,13,2011-10-10
149,2011,10,11,22,2011-10-11
150,2011,10,12,51,2011-10-12
151,2011,10,13,14,2011-10-13
152,2011,10,14,17,2011-10-14
153,2011,10,15,4,2011-10-15
154,2011,10,16,8,2011-10-16
155,2011,10,17,14,2011-10-17
156,2011,10,18,14,2011-10-18
157,2011,10,19,15,2011-10-19
158,2011,10,20,5,2011-10-20
159,2011,10,21,4,2011-10-21
160,2011,10,23,7,2011-10-23
161,2011,10,24,8,2011-10-24
162,2011,10,25,9,2011-10-25
163,2011,10,26,8,2011-10-26
164,2011,10,27,8,2011-10-27
165,2011,10,28,12,2011-10-28
166,2011,10,29,4,2011-10-29
167,2011,10,30,4,2011-10-30
168,2011,10,31,4,2011-10-31
169,2011,11,1,5,2011-11-01
170,2011,11,2,7,2011-11-02
171,2011,11,3,3,2011-11-03
172,2011,11,4,11,2011-11-04
173,2011,11,5,1,2011-11-05
174,2011,11,6,9,2011-11-06
175,2011,11,7,19,2011-11-07
176,2011,11,8,23,2011-11-08
177,2011,11,9,30,2011-11-09
178,2011,11,10,19,2011-11-10
179,2011,11,11,5,2011-11-11
180,2011,11,12,4,2011-11-12
181,2011,11,13,2,2011-11-13
182,2011,11,14,32,2011-11-14
183,2011,11,15,31,2011-11-15
184,2011,11,16,16,2011-11-16
185,2011,11,17,34,2011-11-17
186,2011,11,18,1,2011-11-18
187,2011,11,19,3,2011-11-19
188,2011,11,20,4,2011-11-20
189,2011,11,21,6,2011-11-21
190,2011,11,22,7,2011-11-22
191,2011,11,23,7,2011-11-23
192,2011,11,24,2,2011-11-24
193,2011,11,25,2,2011-11-25
194,2011,11,26,3,2011-11-26
195,2011,11,27,1,2011-11-27
196,2011,11,28,3,2011-11-28
197,2011,11,29,8,2011-11-29
198,2011,11,30,24,2011-11-30
199,2011,12,1,7,2011-12-01
200,2011,12,2,9,2011-12-02
201,2011,12,3,3,2011-12-03
202,2011,12,4,3,2011-12-04
203,2011,12,5,6,2011-12-05
204,2011,12,6,18,2011-12-06
205,2011,12,7,7,2011-12-07
206,2011,12,8,9,2011-12-08
207,2011,12,9,5,2011-12-09
208,2011,12,10,1,2011-12-10
209,2011,12,11,6,2011-12-11
210,2011,12,12,9,2011-12-12
211,2011,12,13,3,2011-12-13
212,2011,12,14,6,2011-12-14
213,2011,12,15,4,2011-12-15
214,2011,12,16,5,2011-12-16
215,2011,12,17,2,2011-12-17
216,2011,12,18,9,2011-12-18
217,2011,12,19,5,2011-12-19
218,2011,12,20,6,2011-12-20
219,2011,12,21,8,2011-12-21
220,2011,12,22,3,2011-12-22
221,2011,12,23,6,2011-12-23
222,2011,12,24,3,2011-12-24
223,2011,12,26,7,2011-12-26
224,2011,12,27,1,2011-12-27
225,2011,12,29,5,2011-12-29
226,2011,12,30,4,2011-12-30
227,2011,12,31,3,2011-12-31
228,2012,1,1,4,2012-01-01
229,2012,1,2,5,2012-01-02
230,2012,1,3,8,2012-01-03
231,2012,1,4,8,2012-01-04
232,2012,1,5,7,2012-01-05
233,2012,1,6,2,2012-01-06
234,2012,1,7,6,2012-01-07
235,2012,1,8,3,2012-01-08
236,2012,1,9,7,2012-01-09
237,2012,1,10,4,2012-01-10
238,2012,1,11,10,2012-01-11
239,2012,1,12,5,2012-01-12
240,2012,1,13,5,2012-01-13
241,2012,1,14,3,2012-01-14
242,2012,1,15,5,2012-01-15
243,2012,1,16,8,2012-01-16
244,2012,1,17,6,2012-01-17
245,2012,1,18,2,2012-01-18
246,2012,1,19,5,2012-01-19
247,2012,1,20,3,2012-01-20
248,2012,1,21,5,2012-01-21
249,2012,1,22,5,2012-01-22
250,2012,1,23,10,2012-01-23
251,2012,1,24,2,2012-01-24
252,2012,1,25,2,2012-01-25
253,2012,1,26,10,2012-01-26
254,2012,1,27,7,2012-01-27
255,2012,1,28,7,2012-01-28
256,2012,1,29,15,2012-01-29
257,2012,1,30,2,2012-01-30
258,2012,1,31,1,2012-01-31
259,2012,2,1,3,2012-02-01
260,2012,2,2,7,2012-02-02
261,2012,2,3,5,2012-02-03
262,2012,2,4,3,2012-02-04
263,2012,2,5,10,2012-02-05
264,2012,2,6,3,2012-02-06
265,2012,2,7,14,2012-02-07
266,2012,2,8,6,2012-02-08
267,2012,2,9,6,2012-02-09
268,2012,2,10,2,2012-02-10
269,2012,2,12,5,2012-02-12
270,2012,2,13,9,2012-02-13
271,2012,2,14,6,2012-02-14
272,2012,2,15,6,2012-02-15
273,2012,2,16,8,2012-02-16
274,2012,2,17,7,2012-02-17
275,2012,2,18,3,2012-02-18
276,2012,2,19,4,2012-02-19
277,2012,2,20,7,2012-02-20
278,2012,2,21,5,2012-02-21
279,2012,2,22,14,2012-02-22
280,2012,2,23,3,2012-02-23
281,2012,2,24,3,2012-02-24
282,2012,2,25,1,2012-02-25
283,2012,2,26,3,2012-02-26
284,2012,2,27,3,2012-02-27
285,2012,2,28,5,2012-02-28
286,2012,2,29,4,2012-02-29
287,2012,3,1,2,2012-03-01
288,2012,3,2,6,2012-03-02
289,2012,3,3,1,2012-03-03
290,2012,3,4,4,2012-03-04
291,2012,3,5,2,2012-03-05
292,2012,3,6,7,2012-03-06
293,2012,3,7,2,2012-03-07
294,2012,3,8,7,2012-03-08
295,2012,3,9,8,2012-03-09
296,2012,3,10,14,2012-03-10
297,2012,3,11,6,2012-03-11
298,2012,3,12,7,2012-03-12
299,2012,3,13,6,2012-03-13
300,2012,3,14,11,2012-03-14
301,2012,3,15,10,2012-03-15
302,2012,3,16,9,2012-03-16
303,2012,3,17,6,2012-03-17
304,2012,3,18,6,2012-03-18
305,2012,3,19,7,2012-03-19
306,2012,3,20,14,2012-03-20
307,2012,3,21,15,2012-03-21
308,2012,3,22,8,2012-03-22
309,2012,3,23,11,2012-03-23
310,2012,3,24,1,2012-03-24
311,2012,3,25,2,2012-03-25
312,2012,3,26,9,2012-03-26
313,2012,3,27,23,2012-03-27
314,2012,3,28,7,2012-03-28
315,2012,3,29,8,2012-03-29
316,2012,3,30,5,2012-03-30
317,2012,3,31,3,2012-03-31
318,2012,4,1,4,2012-04-01
319,2012,4,2,11,2012-04-02
320,2012,4,3,9,2012-04-03
321,2012,4,4,3,2012-04-04
322,2012,4,5,3,2012-04-05
323,2012,4,6,3,2012-04-06
324,2012,4,7,3,2012-04-07
325,2012,4,8,1,2012-04-08
326,2012,4,9,8,2012-04-09
327,2012,4,10,10,2012-04-10
328,2012,4,11,5,2012-04-11
329,2012,4,12,14,2012-04-12
330,2012,4,13,9,2012-04-13
331,2012,4,14,4,2012-04-14
332,2012,4,15,12,2012-04-15
333,2012,4,16,5,2012-04-16
334,2012,4,17,10,2012-04-17
335,2012,4,18,4,2012-04-18
336,2012,4,19,6,2012-04-19
337,2012,4,20,9,2012-04-20
338,2012,4,21,4,2012-04-21
339,2012,4,22,12,2012-04-22
340,2012,4,23,16,2012-04-23
341,2012,4,24,5,2012-04-24
342,2012,4,25,8,2012-04-25
343,2012,4,26,13,2012-04-26
344,2012,4,27,1,2012-04-27
345,2012,4,28,5,2012-04-28
346,2012,4,29,15,2012-04-29
347,2012,4,30,21,2012-04-30
348,2012,5,1,8,2012-05-01
349,2012,5,2,11,2012-05-02
350,2012,5,3,14,2012-05-03
351,2012,5,4,12,2012-05-04
352,2012,5,5,16,2012-05-05
353,2012,5,6,10,2012-05-06
354,2012,5,7,17,2012-05-07
355,2012,5,8,23,2012-05-08
356,2012,5,9,6,2012-05-09
357,2012,5,10,13,2012-05-10
358,2012,5,11,6,2012-05-11
359,2012,5,12,7,2012-05-12
360,2012,5,14,14,2012-05-14
361,2012,5,15,8,2012-05-15
362,2012,5,16,18,2012-05-16
363,2012,5,17,5,2012-05-17
364,2012,5,18,10,2012-05-18
365,2012,5,19,9,2012-05-19
366,2012,5,20,4,2012-05-20
367,2012,5,21,17,2012-05-21
368,2012,5,22,16,2012-05-22
369,2012,5,23,21,2012-05-23
370,2012,5,24,4,2012-05-24
371,2012,5,25,7,2012-05-25
372,2012,5,26,2,2012-05-26
373,2012,5,27,8,2012-05-27
374,2012,5,28,23,2012-05-28
375,2012,5,29,13,2012-05-29
376,2012,5,30,18,2012-05-30
377,2012,5,31,8,2012-05-31
378,2012,6,1,7,2012-06-01
379,2012,6,2,7,2012-06-02
380,2012,6,3,8,2012-06-03
381,2012,6,4,13,2012-06-04
382,2012,6,5,12,2012-06-05
383,2012,6,6,8,2012-06-06
384,2012,6,7,7,2012-06-07
385,2012,6,8,14,2012-06-08
386,2012,6,9,15,2012-06-09
387,2012,6,10,3,2012-06-10
388,2012,6,11,14,2012-06-11
389,2012,6,12,11,2012-06-12
390,2012,6,13,2,2012-06-13
391,2012,6,14,4,2012-06-14
392,2012,6,15,8,2012-06-15
393,2012,6,16,7,2012-06-16
394,2012,6,17,12,2012-06-17
395,2012,6,18,17,2012-06-18
396,2012,6,19,12,2012-06-19
397,2012,6,20,4,2012-06-20
398,2012,6,21,8,2012-06-21
399,2012,6,22,7,2012-06-22
400,2012,6,23,6,2012-06-23
401,2012,6,24,2,2012-06-24
402,2012,6,25,6,2012-06-25
403,2012,6,26,8,2012-06-26
404,2012,6,27,13,2012-06-27
405,2012,6,28,7,2012-06-28
406,2012,6,29,8,2012-06-29
407,2012,6,30,9,2012-06-30
408,2012,7,1,9,2012-07-01
409,2012,7,2,16,2012-07-02
410,2012,7,3,9,2012-07-03
411,2012,7,4,10,2012-07-04
412,2012,7,5,8,2012-07-05
413,2012,7,6,2,2012-07-06
414,2012,7,7,6,2012-07-07
415,2012,7,8,10,2012-07-08
416,2012,7,9,9,2012-07-09
417,2012,7,10,14,2012-07-10
418,2012,7,11,5,2012-07-11
419,2012,7,12,8,2012-07-12
420,2012,7,13,6,2012-07-13
421,2012,7,14,9,2012-07-14
422,2012,7,15,3,2012-07-15
423,2012,7,16,7,2012-07-16
424,2012,7,17,11,2012-07-17
425,2012,7,18,6,2012-07-18
426,2012,7,19,5,2012-07-19
427,2012,7,20,2,2012-07-20
428,2012,7,21,3,2012-07-21
429,2012,7,22,6,2012-07-22
430,2012,7,23,6,2012-07-23
431,2012,7,24,6,2012-07-24
432,2012,7,25,6,2012-07-25
433,2012,7,26,6,2012-07-26
434,2012,7,27,7,2012-07-27
435,2012,7,28,6,2012-07-28
436,2012,7,29,5,2012-07-29
437,2012,7,30,4,2012-07-30
438,2012,7,31,1,2012-07-31
439,2012,8,1,1,2012-08-01
440,2012,8,2,2,2012-08-02
441,2012,8,3,5,2012-08-03
442,2012,8,4,3,2012-08-04
443,2012,8,5,12,2012-08-05
444,2012,8,6,10,2012-08-06
445,2012,8,7,14,2012-08-07
446,2012,8,8,3,2012-08-08
447,2012,8,9,1,2012-08-09
448,2012,8,10,11,2012-08-10
449,2012,8,11,7,2012-08-11
450,2012,8,12,11,2012-08-12
451,2012,8,13,6,2012-08-13
452,2012,8,14,10,2012-08-14
453,2012,8,15,9,2012-08-15
454,2012,8,16,2,2012-08-16
455,2012,8,17,2,2012-08-17
456,2012,8,18,2,2012-08-18
457,2012,8,19,3,2012-08-19
458,2012,8,20,3,2012-08-20
459,2012,8,21,8,2012-08-21
460,2012,8,22,13,2012-08-22
461,2012,8,23,7,2012-08-23
462,2012,8,24,5,2012-08-24
463,2012,8,25,6,2012-08-25
464,2012,8,26,5,2012-08-26
465,2012,8,27,6,2012-08-27
466,2012,8,28,4,2012-08-28
467,2012,8,29,7,2012-08-29
468,2012,8,30,4,2012-08-30
469,2012,8,31,4,2012-08-31
470,2012,9,1,4,2012-09-01
471,2012,9,2,5,2012-09-02
472,2012,9,3,10,2012-09-03
473,2012,9,4,7,2012-09-04
474,2012,9,5,11,2012-09-05
475,2012,9,6,4,2012-09-06
476,2012,9,7,1,2012-09-07
477,2012,9,8,5,2012-09-08
478,2012,9,9,7,2012-09-09
479,2012,9,10,11,2012-09-10
480,2012,9,11,7,2012-09-11
481,2012,9,12,6,2012-09-12
482,2012,9,13,5,2012-09-13
483,2012,9,14,13,2012-09-14
484,2012,9,15,7,2012-09-15
485,2012,9,17,9,2012-09-17
486,2012,9,18,2,2012-09-18
487,2012,9,19,4,2012-09-19
488,2012,9,21,5,2012-09-21
489,2012,9,22,3,2012-09-22
490,2012,9,23,3,2012-09-23
491,2012,9,24,3,2012-09-24
492,2012,9,25,10,2012-09-25
493,2012,9,26,9,2012-09-26
494,2012,9,27,4,2012-09-27
495,2012,9,28,5,2012-09-28
496,2012,9,29,5,2012-09-29
497,2012,9,30,5,2012-09-30
498,2012,10,1,1,2012-10-01
499,2012,10,2,9,2012-10-02
500,2012,10,3,1,2012-10-03
501,2012,10,4,7,2012-10-04
502,2012,10,5,4,2012-10-05
503,2012,10,6,3,2012-10-06
504,2012,10,7,1,2012-10-07
505,2012,10,8,1,2012-10-08
506,2012,10,9,9,2012-10-09
507,2012,10,10,4,2012-10-10
508,2012,10,11,10,2012-10-11
509,2012,10,12,2,2012-10-12
510,2012,10,13,4,2012-10-13
511,2012,10,14,1,2012-10-14
512,2012,10,15,1,2012-10-15
513,2012,10,16,7,2012-10-16
514,2012,10,17,2,2012-10-17
515,2012,10,20,8,2012-10-20
516,2012,10,21,8,2012-10-21
517,2012,10,22,7,2012-10-22
518,2012,10,23,5,2012-10-23
519,2012,10,24,8,2012-10-24
520,2012,10,25,3,2012-10-25
521,2012,10,26,3,2012-10-26
522,2012,10,27,4,2012-10-27
523,2012,10,28,3,2012-10-28
524,2012,10,29,1,2012-10-29
525,2012,10,30,1,2012-10-30
526,2012,10,31,2,2012-10-31
527,2012,11,1,7,2012-11-01
528,2012,11,4,1,2012-11-04
529,2012,11,5,4,2012-11-05
530,2012,11,7,6,2012-11-07
531,2012,11,8,5,2012-11-08
532,2012,11,9,5,2012-11-09
533,2012,11,10,2,2012-11-10
534,2012,11,11,4,2012-11-11
535,2012,11,12,6,2012-11-12
536,2012,11,13,7,2012-11-13
537,2012,11,14,1,2012-11-14
538,2012,11,15,3,2012-11-15
539,2012,11,16,1,2012-11-16
540,2012,11,18,2,2012-11-18
541,2012,11,19,4,2012-11-19
542,2012,11,20,3,2012-11-20
543,2012,11,21,4,2012-11-21
544,2012,11,22,3,2012-11-22
545,2012,11,23,2,2012-11-23
546,2012,11,24,2,2012-11-24
547,2012,11,25,6,2012-11-25
548,2012,11,26,2,2012-11-26
549,2012,11,27,1,2012-11-27
550,2012,11,28,5,2012-11-28
551,2012,11,29,3,2012-11-29
552,2012,11,30,1,2012-11-30
553,2012,12,1,1,2012-12-01
554,2012,12,2,4,2012-12-02
555,2012,12,3,3,2012-12-03
556,2012,12,4,3,2012-12-04
557,2012,12,5,1,2012-12-05
558,2012,12,6,3,2012-12-06
559,2012,12,7,3,2012-12-07
560,2012,12,8,5,2012-12-08
561,2012,12,9,2,2012-12-09
562,2012,12,10,3,2012-12-10
563,2012,12,11,6,2012-12-11
564,2012,12,12,3,2012-12-12
565,2012,12,13,3,2012-12-13
566,2012,12,14,12,2012-12-14
567,2012,12,15,2,2012-12-15
568,2012,12,16,5,2012-12-16
569,2012,12,17,2,2012-12-17
570,2012,12,19,4,2012-12-19
571,2012,12,20,4,2012-12-20
572,2012,12,21,5,2012-12-21
573,2012,12,24,2,2012-12-24
574,2012,12,26,11,2012-12-26
575,2012,12,27,2,2012-12-27
576,2012,12,28,2,2012-12-28
577,2012,12,29,3,2012-12-29
578,2012,12,30,1,2012-12-30
579,2012,12,31,2,2012-12-31
580,2013,1,2,1,2013-01-02
581,2013,1,3,4,2013-01-03
582,2013,1,4,11,2013-01-04
583,2013,1,5,4,2013-01-05
584,2013,1,6,7,2013-01-06
585,2013,1,7,5,2013-01-07
586,2013,1,8,2,2013-01-08
587,2013,1,9,3,2013-01-09
588,2013,1,10,3,2013-01-10
589,2013,1,11,1,2013-01-11
590,2013,1,12,1,2013-01-12
591,2013,1,13,1,2013-01-13
592,2013,1,14,2,2013-01-14
593,2013,1,15,3,2013-01-15
594,2013,1,16,4,2013-01-16
595,2013,1,17,3,2013-01-17
596,2013,1,18,8,2013-01-18
597,2013,1,19,3,2013-01-19
598,2013,1,20,3,2013-01-20
599,2013,1,21,1,2013-01-21
600,2013,1,23,1,2013-01-23
601,2013,1,24,5,2013-01-24
602,2013,1,25,1,2013-01-25
603,2013,1,26,5,2013-01-26
604,2013,1,29,1,2013-01-29
605,2013,1,30,1,2013-01-30
606,2013,1,31,7,2013-01-31
607,2013,2,1,2,2013-02-01
608,2013,2,2,6,2013-02-02
609,2013,2,3,4,2013-02-03
610,2013,2,4,2,2013-02-04
611,2013,2,5,4,2013-02-05
612,2013,2,6,5,2013-02-06
613,2013,2,8,1,2013-02-08
614,2013,2,10,3,2013-02-10
615,2013,2,11,3,2013-02-11
616,2013,2,12,13,2013-02-12
617,2013,2,13,5,2013-02-13
618,2013,2,14,4,2013-02-14
619,2013,2,15,2,2013-02-15
620,2013,2,17,3,2013-02-17
621,2013,2,18,2,2013-02-18
622,2013,2,19,2,2013-02-19
623,2013,2,20,2,2013-02-20
624,2013,2,21,1,2013-02-21
625,2013,2,22,7,2013-02-22
626,2013,2,23,2,2013-02-23
627,2013,2,24,1,2013-02-24
628,2013,2,25,1,2013-02-25
629,2013,2,26,7,2013-02-26
630,2013,2,27,3,2013-02-27
631,2013,3,1,4,2013-03-01
632,2013,3,2,7,2013-03-02
633,2013,3,3,1,2013-03-03
634,2013,3,4,2,2013-03-04
635,2013,3,5,11,2013-03-05
636,2013,3,6,5,2013-03-06
637,2013,3,7,4,2013-03-07
638,2013,3,8,10,2013-03-08
639,2013,3,9,5,2013-03-09
640,2013,3,10,21,2013-03-10
641,2013,3,11,6,2013-03-11
642,2013,3,12,9,2013-03-12
643,2013,3,13,11,2013-03-13
644,2013,3,14,11,2013-03-14
645,2013,3,15,9,2013-03-15
646,2013,3,16,1,2013-03-16
647,2013,3,17,5,2013-03-17
648,2013,3,18,2,2013-03-18
649,2013,3,19,2,2013-03-19
650,2013,3,21,7,2013-03-21
651,2013,3,22,8,2013-03-22
652,2013,3,23,4,2013-03-23
653,2013,3,24,8,2013-03-24
654,2013,3,25,11,2013-03-25
655,2013,3,26,5,2013-03-26
656,2013,3,27,2,2013-03-27
657,2013,3,28,6,2013-03-28
658,2013,3,29,1,2013-03-29
659,2013,3,30,5,2013-03-30
660,2013,3,31,4,2013-03-31
661,2013,4,1,11,2013-04-01
662,2013,4,2,4,2013-04-02
663,2013,4,3,6,2013-04-03
664,2013,4,4,5,2013-04-04
665,2013,4,5,5,2013-04-05
666,2013,4,6,11,2013-04-06
667,2013,4,7,9,2013-04-07
668,2013,4,8,10,2013-04-08
669,2013,4,9,5,2013-04-09
670,2013,4,10,2,2013-04-10
671,2013,4,11,7,2013-04-11
672,2013,4,12,5,2013-04-12
673,2013,4,13,5,2013-04-13
674,2013,4,14,1,2013-04-14
675,2013,4,15,7,2013-04-15
676,2013,4,16,4,2013-04-16
677,2013,4,17,8,2013-04-17
678,2013,4,18,7,2013-04-18
679,2013,4,19,8,2013-04-19
680,2013,4,20,5,2013-04-20
681,2013,4,21,5,2013-04-21
682,2013,4,22,11,2013-04-22
683,2013,4,23,12,2013-04-23
684,2013,4,24,7,2013-04-24
685,2013,4,25,7,2013-04-25
686,2013,4,26,3,2013-04-26
687,2013,4,27,2,2013-04-27
688,2013,4,28,8,2013-04-28
689,2013,4,29,12,2013-04-29
690,2013,4,30,3,2013-04-30
691,2013,5,1,7,2013-05-01
692,2013,5,2,3,2013-05-02
693,2013,5,3,14,2013-05-03
694,2013,5,4,6,2013-05-04
695,2013,5,5,8,2013-05-05
696,2013,5,6,10,2013-05-06
697,2013,5,7,3,2013-05-07
698,2013,5,8,12,2013-05-08
699,2013,5,9,5,2013-05-09
700,2013,5,10,12,2013-05-10
701,2013,5,11,8,2013-05-11
702,2013,5,12,7,2013-05-12
703,2013,5,13,13,2013-05-13
704,2013,5,14,25,2013-05-14
705,2013,5,15,8,2013-05-15
706,2013,5,16,9,2013-05-16
707,2013,5,17,4,2013-05-17
708,2013,5,18,4,2013-05-18
709,2013,5,19,6,2013-05-19
710,2013,5,20,14,2013-05-20
711,2013,5,21,7,2013-05-21
712,2013,5,22,12,2013-05-22
713,2013,5,23,8,2013-05-23
714,2013,5,24,7,2013-05-24
715,2013,5,25,7,2013-05-25
716,2013,5,26,10,2013-05-26
717,2013,5,27,4,2013-05-27
718,2013,5,28,7,2013-05-28
719,2013,5,29,6,2013-05-29
720,2013,5,30,3,2013-05-30
721,2013,5,31,4,2013-05-31
722,2013,6,1,5,2013-06-01
723,2013,6,2,7,2013-06-02
724,2013,6,3,10,2013-06-03
725,2013,6,4,13,2013-06-04
726,2013,6,5,8,2013-06-05
727,2013,6,6,6,2013-06-06
728,2013,6,7,4,2013-06-07
729,2013,6,8,2,2013-06-08
730,2013,6,9,7,2013-06-09
731,2013,6,10,6,2013-06-10
732,2013,6,11,11,2013-06-11
733,2013,6,12,9,2013-06-12
734,2013,6,13,6,2013-06-13
735,2013,6,14,5,2013-06-14
736,2013,6,15,3,2013-06-15
737,2013,6,16,17,2013-06-16
738,2013,6,17,18,2013-06-17
739,2013,6,18,11,2013-06-18
740,2013,6,19,5,2013-06-19
741,2013,6,20,3,2013-06-20
742,2013,6,21,14,2013-06-21
743,2013,6,22,8,2013-06-22
744,2013,6,23,7,2013-06-23
745,2013,6,24,6,2013-06-24
746,2013,6,25,6,2013-06-25
747,2013,6,26,16,2013-06-26
748,2013,6,27,11,2013-06-27
749,2013,6,28,3,2013-06-28
750,2013,6,29,3,2013-06-29
751,2013,6,30,3,2013-06-30
752,2013,7,1,12,2013-07-01
753,2013,7,2,7,2013-07-02
754,2013,7,3,10,2013-07-03
755,2013,7,4,1,2013-07-04
756,2013,7,5,4,2013-07-05
757,2013,7,6,4,2013-07-06
758,2013,7,7,7,2013-07-07
759,2013,7,8,11,2013-07-08
760,2013,7,9,1,2013-07-09
761,2013,7,10,1,2013-07-10
762,2013,7,11,5,2013-07-11
763,2013,7,12,12,2013-07-12
764,2013,7,13,11,2013-07-13
765,2013,7,14,9,2013-07-14
766,2013,7,15,13,2013-07-15
767,2013,7,16,2,2013-07-16
768,2013,7,17,9,2013-07-17
769,2013,7,18,9,2013-07-18
770,2013,7,19,4,2013-07-19
771,2013,7,20,4,2013-07-20
772,2013,7,21,2,2013-07-21
773,2013,7,22,10,2013-07-22
774,2013,7,23,8,2013-07-23
775,2013,7,24,5,2013-07-24
776,2013,7,25,2,2013-07-25
777,2013,7,26,5,2013-07-26
778,2013,7,27,6,2013-07-27
779,2013,7,28,4,2013-07-28
780,2013,7,29,15,2013-07-29
781,2013,7,30,6,2013-07-30
782,2013,7,31,9,2013-07-31
783,2013,8,1,5,2013-08-01
784,2013,8,2,5,2013-08-02
785,2013,8,3,7,2013-08-03
786,2013,8,4,10,2013-08-04
787,2013,8,5,8,2013-08-05
788,2013,8,6,7,2013-08-06
789,2013,8,7,9,2013-08-07
790,2013,8,8,13,2013-08-08
791,2013,8,9,3,2013-08-09
792,2013,8,11,4,2013-08-11
793,2013,8,12,8,2013-08-12
794,2013,8,13,7,2013-08-13
795,2013,8,14,4,2013-08-14
796,2013,8,15,2,2013-08-15
797,2013,8,16,10,2013-08-16
798,2013,8,17,6,2013-08-17
799,2013,8,18,11,2013-08-18
800,2013,8,19,4,2013-08-19
801,2013,8,20,13,2013-08-20
802,2013,8,21,5,2013-08-21
803,2013,8,22,7,2013-08-22
804,2013,8,23,12,2013-08-23
805,2013,8,24,4,2013-08-24
806,2013,8,25,7,2013-08-25
807,2013,8,26,13,2013-08-26
808,2013,8,27,9,2013-08-27
809,2013,8,28,10,2013-08-28
810,2013,8,29,3,2013-08-29
811,2013,8,30,7,2013-08-30
812,2013,8,31,11,2013-08-31
813,2013,9,1,9,2013-09-01
814,2013,9,2,7,2013-09-02
815,2013,9,3,6,2013-09-03
816,2013,9,4,13,2013-09-04
817,2013,9,5,3,2013-09-05
818,2013,9,6,6,2013-09-06
819,2013,9,7,7,2013-09-07
820,2013,9,8,12,2013-09-08
821,2013,9,9,7,2013-09-09
822,2013,9,10,2,2013-09-10
823,2013,9,11,10,2013-09-11
824,2013,9,12,9,2013-09-12
825,2013,9,13,6,2013-09-13
826,2013,9,15,1,2013-09-15
827,2013,9,16,4,2013-09-16
828,2013,9,17,2,2013-09-17
829,2013,9,18,4,2013-09-18
830,2013,9,19,4,2013-09-19
831,2013,9,20,8,2013-09-20
832,2013,9,21,4,2013-09-21
833,2013,9,22,3,2013-09-22
834,2013,9,23,6,2013-09-23
835,2013,9,24,2,2013-09-24
836,2013,9,25,9,2013-09-25
837,2013,9,26,1,2013-09-26
838,2013,9,27,6,2013-09-27
839,2013,9,28,1,2013-09-28
840,2013,9,29,2,2013-09-29
841,2013,9,30,1,2013-09-30
842,2013,10,1,7,2013-10-01
843,2013,10,2,4,2013-10-02
844,2013,10,3,8,2013-10-03
845,2013,10,4,4,2013-10-04
846,2013,10,5,1,2013-10-05
847,2013,10,6,5,2013-10-06
848,2013,10,7,4,2013-10-07
849,2013,10,8,5,2013-10-08
850,2013,10,9,5,2013-10-09
851,2013,10,10,3,2013-10-10
852,2013,10,13,1,2013-10-13
853,2013,10,14,9,2013-10-14
854,2013,10,15,4,2013-10-15
855,2013,10,16,4,2013-10-16
856,2013,10,17,4,2013-10-17
857,2013,10,18,2,2013-10-18
858,2013,10,19,3,2013-10-19
859,2013,10,20,1,2013-10-20
860,2013,10,21,5,2013-10-21
861,2013,10,22,8,2013-10-22
862,2013,10,23,1,2013-10-23
863,2013,10,24,6,2013-10-24
864,2013,10,25,1,2013-10-25
865,2013,10,27,2,2013-10-27
866,2013,10,28,7,2013-10-28
867,2013,10,29,4,2013-10-29
868,2013,10,31,4,2013-10-31
869,2013,11,1,8,2013-11-01
870,2013,11,2,1,2013-11-02
871,2013,11,3,4,2013-11-03
872,2013,11,4,9,2013-11-04
873,2013,11,5,6,2013-11-05
874,2013,11,6,9,2013-11-06
875,2013,11,7,1,2013-11-07
876,2013,11,8,5,2013-11-08
877,2013,11,9,7,2013-11-09
878,2013,11,10,2,2013-11-10
879,2013,11,11,3,2013-11-11
880,2013,11,12,2,2013-11-12
881,2013,11,13,2,2013-11-13
882,2013,11,14,3,2013-11-14
883,2013,11,15,2,2013-11-15
884,2013,11,16,4,2013-11-16
885,2013,11,17,4,2013-11-17
886,2013,11,18,5,2013-11-18
887,2013,11,19,1,2013-11-19
888,2013,11,20,1,2013-11-20
889,2013,11,21,6,2013-11-21
890,2013,11,22,3,2013-11-22
891,2013,11,23,1,2013-11-23
892,2013,11,25,4,2013-11-25
893,2013,11,26,1,2013-11-26
894,2013,11,27,1,2013-11-27
895,2013,11,28,1,2013-11-28
896,2013,12,1,1,2013-12-01
897,2013,12,2,2,2013-12-02
898,2013,12,3,2,2013-12-03
899,2013,12,4,3,2013-12-04
900,2013,12,5,2,2013-12-05
901,2013,12,6,1,2013-12-06
902,2013,12,7,1,2013-12-07
903,2013,12,8,3,2013-12-08
904,2013,12,9,3,2013-12-09
905,2013,12,10,1,2013-12-10
906,2013,12,11,4,2013-12-11
907,2013,12,12,4,2013-12-12
908,2013,12,13,6,2013-12-13
909,2013,12,14,1,2013-12-14
910,2013,12,16,5,2013-12-16
911,2013,12,17,8,2013-12-17
912,2013,12,18,3,2013-12-18
913,2013,12,19,3,2013-12-19
914,2013,12,20,5,2013-12-20
915,2013,12,21,3,2013-12-21
916,2013,12,24,2,2013-12-24
917,2013,12,26,2,2013-12-26
918,2013,12,27,1,2013-12-27
919,2013,12,28,1,2013-12-28
920,2013,12,29,3,2013-12-29
921,2013,12,30,3,2013-12-30
922,2013,12,31,3,2013-12-31
923,2014,1,1,5,2014-01-01
924,2014,1,2,7,2014-01-02
925,2014,1,3,2,2014-01-03
926,2014,1,4,3,2014-01-04
927,2014,1,6,3,2014-01-06
928,2014,1,7,4,2014-01-07
929,2014,1,8,1,2014-01-08
930,2014,1,9,2,2014-01-09
931,2014,1,10,3,2014-01-10
932,2014,1,11,3,2014-01-11
933,2014,1,12,2,2014-01-12
934,2014,1,15,2,2014-01-15
935,2014,1,16,5,2014-01-16
936,2014,1,17,2,2014-01-17
937,2014,1,18,4,2014-01-18
938,2014,1,19,1,2014-01-19
939,2014,1,20,3,2014-01-20
940,2014,1,21,3,2014-01-21
941,2014,1,22,4,2014-01-22
942,2014,1,23,5,2014-01-23
943,2014,1,24,5,2014-01-24
944,2014,1,25,6,2014-01-25
945,2014,1,26,4,2014-01-26
946,2014,1,27,5,2014-01-27
947,2014,1,28,3,2014-01-28
948,2014,1,29,4,2014-01-29
949,2014,1,30,4,2014-01-30
950,2014,1,31,2,2014-01-31
951,2014,2,1,4,2014-02-01
952,2014,2,5,2,2014-02-05
953,2014,2,6,4,2014-02-06
954,2014,2,7,4,2014-02-07
955,2014,2,8,3,2014-02-08
956,2014,2,9,2,2014-02-09
957,2014,2,10,2,2014-02-10
958,2014,2,11,4,2014-02-11
959,2014,2,12,1,2014-02-12
960,2014,2,13,2,2014-02-13
961,2014,2,14,9,2014-02-14
962,2014,2,15,2,2014-02-15
963,2014,2,16,2,2014-02-16
964,2014,2,17,3,2014-02-17
965,2014,2,18,8,2014-02-18
966,2014,2,19,7,2014-02-19
967,2014,2,20,10,2014-02-20
968,2014,2,21,4,2014-02-21
969,2014,2,23,3,2014-02-23
970,2014,2,24,3,2014-02-24
971,2014,2,25,3,2014-02-25
972,2014,2,26,6,2014-02-26
973,2014,2,27,6,2014-02-27
974,2014,2,28,3,2014-02-28
975,2014,3,1,3,2014-03-01
976,2014,3,2,3,2014-03-02
977,2014,3,3,4,2014-03-03
978,2014,3,4,1,2014-03-04
979,2014,3,5,7,2014-03-05
980,2014,3,6,3,2014-03-06
981,2014,3,7,2,2014-03-07
982,2014,3,8,4,2014-03-08
983,2014,3,9,7,2014-03-09
984,2014,3,10,3,2014-03-10
985,2014,3,11,6,2014-03-11
986,2014,3,12,7,2014-03-12
987,2014,3,13,4,2014-03-13
988,2014,3,14,3,2014-03-14
989,2014,3,15,3,2014-03-15
990,2014,3,16,2,2014-03-16
991,2014,3,17,8,2014-03-17
992,2014,3,18,8,2014-03-18
993,2014,3,19,5,2014-03-19
994,2014,3,20,3,2014-03-20
995,2014,3,21,5,2014-03-21
996,2014,3,22,16,2014-03-22
997,2014,3,23,10,2014-03-23
998,2014,3,24,5,2014-03-24
999,2014,3,25,8,2014-03-25
1000,2014,3,26,5,2014-03-26
1001,2014,3,27,8,2014-03-27
1002,2014,3,28,3,2014-03-28
1003,2014,3,29,1,2014-03-29
1004,2014,3,30,5,2014-03-30
1005,2014,3,31,8,2014-03-31
1006,2014,4,1,8,2014-04-01
1007,2014,4,2,5,2014-04-02
1008,2014,4,3,9,2014-04-03
1009,2014,4,4,5,2014-04-04
1010,2014,4,5,8,2014-04-05
1011,2014,4,6,5,2014-04-06
1012,2014,4,7,4,2014-04-07
1013,2014,4,8,9,2014-04-08
1014,2014,4,9,16,2014-04-09
1015,2014,4,10,5,2014-04-10
1016,2014,4,11,10,2014-04-11
1017,2014,4,12,10,2014-04-12
1018,2014,4,13,5,2014-04-13
1019,2014,4,14,17,2014-04-14
1020,2014,4,15,3,2014-04-15
1021,2014,4,16,3,2014-04-16
1022,2014,4,17,8,2014-04-17
1023,2014,4,18,9,2014-04-18
1024,2014,4,19,8,2014-04-19
1025,2014,4,20,5,2014-04-20
1026,2014,4,21,18,2014-04-21
1027,2014,4,22,10,2014-04-22
1028,2014,4,23,19,2014-04-23
1029,2014,4,24,10,2014-04-24
1030,2014,4,25,10,2014-04-25
1031,2014,4,26,10,2014-04-26
1032,2014,4,27,6,2014-04-27
1033,2014,4,28,13,2014-04-28
1034,2014,4,29,5,2014-04-29
1035,2014,4,30,13,2014-04-30
1036,2014,5,1,8,2014-05-01
1037,2014,5,2,20,2014-05-02
1038,2014,5,3,6,2014-05-03
1039,2014,5,4,5,2014-05-04
1040,2014,5,5,7,2014-05-05
1041,2014,5,6,13,2014-05-06
1042,2014,5,7,15,2014-05-07
1043,2014,5,8,15,2014-05-08
1044,2014,5,9,8,2014-05-09
1045,2014,5,10,11,2014-05-10
1046,2014,5,11,15,2014-05-11
1047,2014,5,12,8,2014-05-12
1048,2014,5,13,11,2014-05-13
1049,2014,5,14,12,2014-05-14
1050,2014,5,15,4,2014-05-15
1051,2014,5,16,11,2014-05-16
1052,2014,5,17,14,2014-05-17
1053,2014,5,18,9,2014-05-18
1054,2014,5,19,24,2014-05-19
1055,2014,5,20,16,2014-05-20
1056,2014,5,21,7,2014-05-21
1057,2014,5,22,7,2014-05-22
1058,2014,5,23,11,2014-05-23
1059,2014,5,24,10,2014-05-24
1060,2014,5,25,12,2014-05-25
1061,2014,5,26,13,2014-05-26
1062,2014,5,27,12,2014-05-27
1063,2014,5,28,7,2014-05-28
1064,2014,5,29,8,2014-05-29
1065,2014,5,30,15,2014-05-30
1066,2014,5,31,7,2014-05-31
1067,2014,6,1,14,2014-06-01
1068,2014,6,2,8,2014-06-02
1069,2014,6,3,13,2014-06-03
1070,2014,6,4,10,2014-06-04
1071,2014,6,5,11,2014-06-05
1072,2014,6,6,10,2014-06-06
1073,2014,6,7,5,2014-06-07
1074,2014,6,8,5,2014-06-08
1075,2014,6,9,10,2014-06-09
1076,2014,6,10,13,2014-06-10
1077,2014,6,11,19,2014-06-11
1078,2014,6,12,8,2014-06-12
1079,2014,6,13,8,2014-06-13
1080,2014,6,14,12,2014-06-14
1081,2014,6,15,10,2014-06-15
1082,2014,6,16,17,2014-06-16
1083,2014,6,17,14,2014-06-17
1084,2014,6,18,4,2014-06-18
1085,2014,6,19,10,2014-06-19
1086,2014,6,20,7,2014-06-20
1087,2014,6,21,5,2014-06-21
1088,2014,6,22,13,2014-06-22
1089,2014,6,23,16,2014-06-23
1090,2014,6,24,13,2014-06-24
1091,2014,6,25,8,2014-06-25
1092,2014,6,26,11,2014-06-26
1093,2014,6,27,14,2014-06-27
1094,2014,6,28,5,2014-06-28
1095,2014,6,29,14,2014-06-29
1096,2014,6,30,9,2014-06-30
1097,2014,7,1,11,2014-07-01
1098,2014,7,2,9,2014-07-02
1099,2014,7,3,9,2014-07-03
1100,2014,7,4,13,2014-07-04
1101,2014,7,5,8,2014-07-05
1102,2014,7,6,6,2014-07-06
1103,2014,7,7,7,2014-07-07
1104,2014,7,8,6,2014-07-08
1105,2014,7,9,10,2014-07-09
1106,2014,7,10,6,2014-07-10
1107,2014,7,11,12,2014-07-11
1108,2014,7,12,7,2014-07-12
1109,2014,7,13,16,2014-07-13
1110,2014,7,14,10,2014-07-14
1111,2014,7,15,12,2014-07-15
1112,2014,7,16,22,2014-07-16
1113,2014,7,17,14,2014-07-17
1114,2014,7,18,16,2014-07-18
1115,2014,7,19,8,2014-07-19
1116,2014,7,20,4,2014-07-20
1117,2014,7,21,9,2014-07-21
1118,2014,7,22,14,2014-07-22
1119,2014,7,23,14,2014-07-23
1120,2014,7,24,4,2014-07-24
1121,2014,7,25,10,2014-07-25
1122,2014,7,26,7,2014-07-26
1123,2014,7,27,7,2014-07-27
1124,2014,7,28,5,2014-07-28
1125,2014,7,29,6,2014-07-29
1126,2014,7,30,5,2014-07-30
1127,2014,7,31,7,2014-07-31
1128,2014,8,1,9,2014-08-01
1129,2014,8,2,10,2014-08-02
1130,2014,8,3,8,2014-08-03
1131,2014,8,4,14,2014-08-04
1132,2014,8,5,5,2014-08-05
1133,2014,8,6,20,2014-08-06
1134,2014,8,7,9,2014-08-07
1135,2014,8,8,8,2014-08-08
1136,2014,8,9,4,2014-08-09
1137,2014,8,10,7,2014-08-10
1138,2014,8,11,10,2014-08-11
1139,2014,8,12,17,2014-08-12
1140,2014,8,13,13,2014-08-13
1141,2014,8,14,16,2014-08-14
1142,2014,8,15,10,2014-08-15
1143,2014,8,16,10,2014-08-16
1144,2014,8,17,17,2014-08-17
1145,2014,8,18,10,2014-08-18
1146,2014,8,19,11,2014-08-19
1147,2014,8,20,7,2014-08-20
1148,2014,8,21,7,2014-08-21
1149,2014,8,22,7,2014-08-22
1150,2014,8,23,9,2014-08-23
1151,2014,8,24,6,2014-08-24
1152,2014,8,25,7,2014-08-25
1153,2014,8,26,22,2014-08-26
1154,2014,8,27,9,2014-08-27
1155,2014,8,28,4,2014-08-28
1156,2014,8,29,11,2014-08-29
1157,2014,8,30,17,2014-08-30
1158,2014,8,31,8,2014-08-31
1159,2014,9,1,15,2014-09-01
1160,2014,9,2,9,2014-09-02
1161,2014,9,3,12,2014-09-03
1162,2014,9,4,10,2014-09-04
1163,2014,9,5,15,2014-09-05
1164,2014,9,6,3,2014-09-06
1165,2014,9,7,4,2014-09-07
1166,2014,9,8,11,2014-09-08
1167,2014,9,9,12,2014-09-09
1168,2014,9,10,6,2014-09-10
1169,2014,9,11,5,2014-09-11
1170,2014,9,12,12,2014-09-12
1171,2014,9,13,11,2014-09-13
1172,2014,9,14,7,2014-09-14
1173,2014,9,15,17,2014-09-15
1174,2014,9,16,11,2014-09-16
1175,2014,9,17,11,2014-09-17
1176,2014,9,18,18,2014-09-18
1177,2014,9,19,10,2014-09-19
1178,2014,9,20,2,2014-09-20
1179,2014,9,21,6,2014-09-21
1180,2014,9,22,6,2014-09-22
1181,2014,9,23,10,2014-09-23
1182,2014,9,24,14,2014-09-24
1183,2014,9,25,8,2014-09-25
1184,2014,9,26,11,2014-09-26
1185,2014,9,27,13,2014-09-27
1186,2014,9,28,12,2014-09-28
1187,2014,9,29,18,2014-09-29
1188,2014,9,30,10,2014-09-30
1189,2014,10,1,9,2014-10-01
1190,2014,10,2,16,2014-10-02
1191,2014,10,3,21,2014-10-03
1192,2014,10,4,11,2014-10-04
1193,2014,10,5,7,2014-10-05
1194,2014,10,6,9,2014-10-06
1195,2014,10,7,4,2014-10-07
1196,2014,10,8,12,2014-10-08
1197,2014,10,9,11,2014-10-09
1198,2014,10,10,16,2014-10-10
1199,2014,10,12,7,2014-10-12
1200,2014,10,13,6,2014-10-13
1201,2014,10,14,14,2014-10-14
1202,2014,10,15,4,2014-10-15
1203,2014,10,16,5,2014-10-16
1204,2014,10,17,5,2014-10-17
1205,2014,10,18,7,2014-10-18
1206,2014,10,19,13,2014-10-19
1207,2014,10,20,17,2014-10-20
1208,2014,10,21,6,2014-10-21
1209,2014,10,22,3,2014-10-22
1210,2014,10,23,10,2014-10-23
1211,2014,10,24,4,2014-10-24
1212,2014,10,25,9,2014-10-25
1213,2014,10,26,7,2014-10-26
1214,2014,10,27,2,2014-10-27
1215,2014,10,28,5,2014-10-28
1216,2014,10,29,10,2014-10-29
1217,2014,10,30,2,2014-10-30
1218,2014,10,31,10,2014-10-31
1219,2014,11,1,9,2014-11-01
1220,2014,11,2,7,2014-11-02
1221,2014,11,3,6,2014-11-03
1222,2014,11,4,5,2014-11-04
1223,2014,11,5,7,2014-11-05
1224,2014,11,6,9,2014-11-06
1225,2014,11,7,12,2014-11-07
1226,2014,11,8,2,2014-11-08
1227,2014,11,10,10,2014-11-10
1228,2014,11,11,7,2014-11-11
1229,2014,11,12,11,2014-11-12
1230,2014,11,13,9,2014-11-13
1231,2014,11,14,4,2014-11-14
1232,2014,11,15,19,2014-11-15
1233,2014,11,16,11,2014-11-16
1234,2014,11,17,6,2014-11-17
1235,2014,11,18,6,2014-11-18
1236,2014,11,19,8,2014-11-19
1237,2014,11,20,10,2014-11-20
1238,2014,11,21,8,2014-11-21
1239,2014,11,22,3,2014-11-22
1240,2014,11,23,2,2014-11-23
1241,2014,11,24,4,2014-11-24
1242,2014,11,25,3,2014-11-25
1243,2014,11,26,11,2014-11-26
1244,2014,11,27,2,2014-11-27
1245,2014,11,28,2,2014-11-28
1246,2014,11,29,1,2014-11-29
1247,2014,11,30,6,2014-11-30
1248,2014,12,1,8,2014-12-01
1249,2014,12,2,12,2014-12-02
1250,2014,12,3,5,2014-12-03
1251,2014,12,4,8,2014-12-04
1252,2014,12,5,20,2014-12-05
1253,2014,12,6,6,2014-12-06
1254,2014,12,7,2,2014-12-07
1255,2014,12,8,11,2014-12-08
1256,2014,12,9,14,2014-12-09
1257,2014,12,10,6,2014-12-10
1258,2014,12,11,7,2014-12-11
1259,2014,12,12,4,2014-12-12
1260,2014,12,13,5,2014-12-13
1261,2014,12,14,9,2014-12-14
1262,2014,12,15,10,2014-12-15
1263,2014,12,16,21,2014-12-16
1264,2014,12,17,5,2014-12-17
1265,2014,12,18,4,2014-12-18
1266,2014,12,19,8,2014-12-19
1267,2014,12,20,4,2014-12-20
1268,2014,12,21,5,2014-12-21
1269,2014,12,22,2,2014-12-22
1270,2014,12,23,1,2014-12-23
1271,2014,12,24,1,2014-12-24
1272,2014,12,25,3,2014-12-25
1273,2014,12,26,8,2014-12-26
1274,2014,12,27,9,2014-12-27
1275,2014,12,28,7,2014-12-28
1276,2014,12,29,10,2014-12-29
1277,2014,12,30,18,2014-12-30
1278,2014,12,31,12,2014-12-31
1279,2015,1,1,8,2015-01-01
1280,2015,1,2,3,2015-01-02
1281,2015,1,3,10,2015-01-03
1282,2015,1,4,9,2015-01-04
1283,2015,1,5,12,2015-01-05
1284,2015,1,6,3,2015-01-06
1285,2015,1,7,9,2015-01-07
1286,2015,1,8,15,2015-01-08
1287,2015,1,9,1,2015-01-09
1288,2015,1,11,8,2015-01-11
1289,2015,1,12,12,2015-01-12
1290,2015,1,13,9,2015-01-13
1291,2015,1,14,13,2015-01-14
1292,2015,1,15,6,2015-01-15
1293,2015,1,16,3,2015-01-16
1294,2015,1,17,11,2015-01-17
1295,2015,1,18,3,2015-01-18
1296,2015,1,19,2,2015-01-19
1297,2015,1,20,5,2015-01-20
1298,2015,1,22,7,2015-01-22
1299,2015,1,23,5,2015-01-23
1300,2015,1,24,6,2015-01-24
1301,2015,1,26,5,2015-01-26
1302,2015,1,27,4,2015-01-27
1303,2015,1,28,2,2015-01-28
1304,2015,1,29,10,2015-01-29
1305,2015,1,30,6,2015-01-30
1306,2015,1,31,3,2015-01-31
1307,2015,2,1,6,2015-02-01
1308,2015,2,2,3,2015-02-02
1309,2015,2,3,20,2015-02-03
1310,2015,2,4,14,2015-02-04
1311,2015,2,5,6,2015-02-05
1312,2015,2,6,7,2015-02-06
1313,2015,2,7,4,2015-02-07
1314,2015,2,8,10,2015-02-08
1315,2015,2,9,8,2015-02-09
1316,2015,2,10,4,2015-02-10
1317,2015,2,11,6,2015-02-11
1318,2015,2,12,1,2015-02-12
1319,2015,2,13,8,2015-02-13
1320,2015,2,14,9,2015-02-14
1321,2015,2,15,7,2015-02-15
1322,2015,2,16,11,2015-02-16
1323,2015,2,17,6,2015-02-17
1324,2015,2,18,4,2015-02-18
1325,2015,2,19,8,2015-02-19
1326,2015,2,20,6,2015-02-20
1327,2015,2,21,8,2015-02-21
1328,2015,2,22,6,2015-02-22
1329,2015,2,23,14,2015-02-23
1330,2015,2,24,15,2015-02-24
1331,2015,2,25,8,2015-02-25
1332,2015,2,26,4,2015-02-26
1333,2015,2,27,2,2015-02-27
1334,2015,2,28,7,2015-02-28
1335,2015,3,1,9,2015-03-01
1336,2015,3,2,13,2015-03-02
1337,2015,3,3,8,2015-03-03
1338,2015,3,4,9,2015-03-04
1339,2015,3,5,6,2015-03-05
1340,2015,3,6,1,2015-03-06
1341,2015,3,7,12,2015-03-07
1342,2015,3,8,7,2015-03-08
1343,2015,3,9,5,2015-03-09
1344,2015,3,10,16,2015-03-10
1345,2015,3,11,13,2015-03-11
1346,2015,3,12,15,2015-03-12
1347,2015,3,13,8,2015-03-13
1348,2015,3,14,10,2015-03-14
1349,2015,3,15,11,2015-03-15
1350,2015,3,16,7,2015-03-16
1351,2015,3,17,10,2015-03-17
1352,2015,3,18,25,2015-03-18
1353,2015,3,19,9,2015-03-19
1354,2015,3,20,7,2015-03-20
1355,2015,3,21,7,2015-03-21
1356,2015,3,22,7,2015-03-22
1357,2015,3,23,8,2015-03-23
1358,2015,3,24,10,2015-03-24
1359,2015,3,25,13,2015-03-25
1360,2015,3,26,10,2015-03-26
1361,2015,3,27,17,2015-03-27
1362,2015,3,28,12,2015-03-28
1363,2015,3,29,11,2015-03-29
1364,2015,3,30,7,2015-03-30
1365,2015,3,31,12,2015-03-31
1366,2015,4,1,19,2015-04-01
1367,2015,4,2,25,2015-04-02
1368,2015,4,3,5,2015-04-03
1369,2015,4,4,9,2015-04-04
1370,2015,4,5,7,2015-04-05
1371,2015,4,6,7,2015-04-06
1372,2015,4,7,14,2015-04-07
1373,2015,4,8,13,2015-04-08
1374,2015,4,9,26,2015-04-09
1375,2015,4,10,9,2015-04-10
1376,2015,4,11,14,2015-04-11
1377,2015,4,12,6,2015-04-12
1378,2015,4,13,10,2015-04-13
1379,2015,4,14,9,2015-04-14
1380,2015,4,15,10,2015-04-15
1381,2015,4,16,16,2015-04-16
1382,2015,4,17,10,2015-04-17
1383,2015,4,18,5,2015-04-18
1384,2015,4,19,20,2015-04-19
1385,2015,4,20,15,2015-04-20
1386,2015,4,21,11,2015-04-21
1387,2015,4,22,6,2015-04-22
1388,2015,4,23,7,2015-04-23
1389,2015,4,24,8,2015-04-24
1390,2015,4,25,8,2015-04-25
1391,2015,4,26,14,2015-04-26
1392,2015,4,27,8,2015-04-27
1393,2015,4,28,11,2015-04-28
1394,2015,4,29,20,2015-04-29
1395,2015,4,30,9,2015-04-30
1396,2015,5,1,13,2015-05-01
1397,2015,5,2,12,2015-05-02
1398,2015,5,3,7,2015-05-03
1399,2015,5,4,16,2015-05-04
1400,2015,5,5,15,2015-05-05
1401,2015,5,6,13,2015-05-06
1402,2015,5,7,11,2015-05-07
1403,2015,5,8,10,2015-05-08
1404,2015,5,9,16,2015-05-09
1405,2015,5,10,15,2015-05-10
1406,2015,5,11,18,2015-05-11
1407,2015,5,12,9,2015-05-12
1408,2015,5,13,19,2015-05-13
1409,2015,5,14,18,2015-05-14
1410,2015,5,15,21,2015-05-15
1411,2015,5,16,11,2015-05-16
1412,2015,5,17,4,2015-05-17
1413,2015,5,18,16,2015-05-18
1414,2015,5,19,9,2015-05-19
1415,2015,5,20,17,2015-05-20
1416,2015,5,21,13,2015-05-21
1417,2015,5,22,15,2015-05-22
1418,2015,5,23,9,2015-05-23
1419,2015,5,24,18,2015-05-24
1420,2015,5,25,9,2015-05-25
1421,2015,5,26,6,2015-05-26
1422,2015,5,27,13,2015-05-27
1423,2015,5,28,13,2015-05-28
1424,2015,5,29,12,2015-05-29
1425,2015,5,30,8,2015-05-30
1426,2015,5,31,22,2015-05-31
1427,2015,6,1,17,2015-06-01
1428,2015,6,2,15,2015-06-02
1429,2015,6,3,12,2015-06-03
1430,2015,6,4,5,2015-06-04
1431,2015,6,5,8,2015-06-05
1432,2015,6,6,9,2015-06-06
1433,2015,6,7,11,2015-06-07
1434,2015,6,8,11,2015-06-08
1435,2015,6,9,9,2015-06-09
1436,2015,6,10,20,2015-06-10
1437,2015,6,11,7,2015-06-11
1438,2015,6,12,7,2015-06-12
1439,2015,6,13,11,2015-06-13
1440,2015,6,14,3,2015-06-14
1441,2015,6,15,8,2015-06-15
1442,2015,6,16,14,2015-06-16
1443,2015,6,17,11,2015-06-17
1444,2015,6,18,8,2015-06-18
1445,2015,6,19,15,2015-06-19
1446,2015,6,20,7,2015-06-20
1447,2015,6,21,6,2015-06-21
1448,2015,6,22,5,2015-06-22
1449,2015,6,23,12,2015-06-23
1450,2015,6,24,14,2015-06-24
1451,2015,6,25,10,2015-06-25
1452,2015,6,26,7,2015-06-26
1453,2015,6,27,18,2015-06-27
1454,2015,6,28,15,2015-06-28
1455,2015,6,29,12,2015-06-29
1456,2015,6,30,13,2015-06-30
1457,2015,7,1,6,2015-07-01
1458,2015,7,2,5,2015-07-02
1459,2015,7,3,2,2015-07-03
1460,2015,7,4,5,2015-07-04
1461,2015,7,5,4,2015-07-05
1462,2015,7,6,8,2015-07-06
1463,2015,7,7,8,2015-07-07
1464,2015,7,8,2,2015-07-08
1465,2015,7,9,15,2015-07-09
1466,2015,7,10,6,2015-07-10
1467,2015,7,11,14,2015-07-11
1468,2015,7,12,10,2015-07-12
1469,2015,7,13,13,2015-07-13
1470,2015,7,14,8,2015-07-14
1471,2015,7,15,9,2015-07-15
1472,2015,7,16,8,2015-07-16
1473,2015,7,17,4,2015-07-17
1474,2015,7,18,13,2015-07-18
1475,2015,7,19,10,2015-07-19
1476,2015,7,20,6,2015-07-20
1477,2015,7,21,16,2015-07-21
1478,2015,7,22,17,2015-07-22
1479,2015,7,23,9,2015-07-23
1480,2015,7,24,6,2015-07-24
1481,2015,7,25,2,2015-07-25
1482,2015,7,26,2,2015-07-26
1483,2015,7,27,16,2015-07-27
1484,2015,7,28,20,2015-07-28
1485,2015,7,29,17,2015-07-29
1486,2015,7,30,10,2015-07-30
1487,2015,7,31,7,2015-07-31
1488,2015,8,1,11,2015-08-01
1489,2015,8,2,8,2015-08-02
1490,2015,8,3,9,2015-08-03
1491,2015,8,4,15,2015-08-04
1492,2015,8,5,15,2015-08-05
1493,2015,8,6,13,2015-08-06
1494,2015,8,7,11,2015-08-07
1495,2015,8,8,14,2015-08-08
1496,2015,8,9,13,2015-08-09
1497,2015,8,11,11,2015-08-11
1498,2015,8,12,6,2015-08-12
1499,2015,8,13,12,2015-08-13
1500,2015,8,14,12,2015-08-14
1501,2015,8,15,7,2015-08-15
1502,2015,8,16,6,2015-08-16
1503,2015,8,17,14,2015-08-17
1504,2015,8,18,12,2015-08-18
1505,2015,8,19,17,2015-08-19
1506,2015,8,20,12,2015-08-20
1507,2015,8,21,9,2015-08-21
1508,2015,8,22,15,2015-08-22
1509,2015,8,23,9,2015-08-23
1510,2015,8,24,11,2015-08-24
1511,2015,8,25,8,2015-08-25
1512,2015,8,26,11,2015-08-26
1513,2015,8,27,8,2015-08-27
1514,2015,8,28,8,2015-08-28
1515,2015,8,29,7,2015-08-29
1516,2015,8,30,7,2015-08-30
1517,2015,8,31,10,2015-08-31
1518,2015,9,1,14,2015-09-01
1519,2015,9,2,11,2015-09-02
1520,2015,9,3,7,2015-09-03
1521,2015,9,4,15,2015-09-04
1522,2015,9,5,14,2015-09-05
1523,2015,9,6,7,2015-09-06
1524,2015,9,7,8,2015-09-07
1525,2015,9,8,7,2015-09-08
1526,2015,9,9,5,2015-09-09
1527,2015,9,10,6,2015-09-10
1528,2015,9,11,9,2015-09-11
1529,2015,9,12,8,2015-09-12
1530,2015,9,13,21,2015-09-13
1531,2015,9,14,10,2015-09-14
1532,2015,9,15,12,2015-09-15
1533,2015,9,16,3,2015-09-16
1534,2015,9,17,14,2015-09-17
1535,2015,9,18,9,2015-09-18
1536,2015,9,19,6,2015-09-19
1537,2015,9,20,8,2015-09-20
1538,2015,9,21,10,2015-09-21
1539,2015,9,22,10,2015-09-22
1540,2015,9,23,10,2015-09-23
1541,2015,9,24,19,2015-09-24
1542,2015,9,25,13,2015-09-25
1543,2015,9,26,5,2015-09-26
1544,2015,9,27,11,2015-09-27
1545,2015,9,28,11,2015-09-28
1546,2015,9,29,7,2015-09-29
1547,2015,10,1,6,2015-10-01
1548,2015,10,2,2,2015-10-02
1549,2015,10,3,7,2015-10-03
1550,2015,10,4,8,2015-10-04
1551,2015,10,5,8,2015-10-05
1552,2015,10,6,3,2015-10-06
1553,2015,10,7,16,2015-10-07
1554,2015,10,8,12,2015-10-08
1555,2015,10,9,5,2015-10-09
1556,2015,10,10,14,2015-10-10
1557,2015,10,11,7,2015-10-11
1558,2015,10,12,19,2015-10-12
1559,2015,10,13,12,2015-10-13
1560,2015,10,14,9,2015-10-14
1561,2015,10,15,9,2015-10-15
1562,2015,10,16,5,2015-10-16
1563,2015,10,17,8,2015-10-17
1564,2015,10,18,9,2015-10-18
1565,2015,10,19,8,2015-10-19
1566,2015,10,20,7,2015-10-20
1567,2015,10,21,5,2015-10-21
1568,2015,10,22,13,2015-10-22
1569,2015,10,23,12,2015-10-23
1570,2015,10,24,16,2015-10-24
1571,2015,10,25,9,2015-10-25
1572,2015,10,26,4,2015-10-26
1573,2015,10,27,7,2015-10-27
1574,2015,10,28,5,2015-10-28
1575,2015,10,29,3,2015-10-29
1576,2015,10,30,5,2015-10-30
1577,2015,10,31,9,2015-10-31
1578,2015,11,1,6,2015-11-01
1579,2015,11,2,8,2015-11-02
1580,2015,11,3,13,2015-11-03
1581,2015,11,4,13,2015-11-04
1582,2015,11,5,13,2015-11-05
1583,2015,11,6,5,2015-11-06
1584,2015,11,7,13,2015-11-07
1585,2015,11,8,5,2015-11-08
1586,2015,11,9,8,2015-11-09
1587,2015,11,10,5,2015-11-10
1588,2015,11,11,6,2015-11-11
1589,2015,11,12,4,2015-11-12
1590,2015,11,13,1,2015-11-13
1591,2015,11,14,2,2015-11-14
1592,2015,11,15,11,2015-11-15
1593,2015,11,16,12,2015-11-16
1594,2015,11,17,3,2015-11-17
1595,2015,11,18,4,2015-11-18
1596,2015,11,19,3,2015-11-19
1597,2015,11,20,3,2015-11-20
1598,2015,11,21,6,2015-11-21
1599,2015,11,22,12,2015-11-22
1600,2015,11,23,16,2015-11-23
1601,2015,11,24,7,2015-11-24
1602,2015,11,25,4,2015-11-25
1603,2015,11,26,2,2015-11-26
1604,2015,11,27,15,2015-11-27
1605,2015,11,28,2,2015-11-28
1606,2015,11,29,8,2015-11-29
1607,2015,11,30,7,2015-11-30
1608,2015,12,1,5,2015-12-01
1609,2015,12,2,4,2015-12-02
1610,2015,12,3,7,2015-12-03
1611,2015,12,4,3,2015-12-04
1612,2015,12,5,3,2015-12-05
1613,2015,12,6,1,2015-12-06
1614,2015,12,7,3,2015-12-07
1615,2015,12,8,5,2015-12-08
1616,2015,12,9,8,2015-12-09
1617,2015,12,10,7,2015-12-10
1618,2015,12,11,7,2015-12-11
1619,2015,12,12,2,2015-12-12
1620,2015,12,13,2,2015-12-13
1621,2015,12,14,3,2015-12-14
1622,2015,12,15,6,2015-12-15
1623,2015,12,16,11,2015-12-16
1624,2015,12,17,2,2015-12-17
1625,2015,12,18,2,2015-12-18
1626,2015,12,20,4,2015-12-20
1627,2015,12,21,4,2015-12-21
1628,2015,12,22,6,2015-12-22
1629,2015,12,23,4,2015-12-23
1630,2015,12,24,7,2015-12-24
1631,2015,12,25,1,2015-12-25
1632,2015,12,26,2,2015-12-26
1633,2015,12,28,7,2015-12-28
1634,2015,12,29,3,2015-12-29
1635,2015,12,30,7,2015-12-30
1636,2015,12,31,7,2015-12-31
1637,2016,1,1,8,2016-01-01
1638,2016,1,2,3,2016-01-02
1639,2016,1,3,8,2016-01-03
1640,2016,1,4,1,2016-01-04
1641,2016,1,5,3,2016-01-05
1642,2016,1,6,8,2016-01-06
1643,2016,1,7,6,2016-01-07
1644,2016,1,8,10,2016-01-08
1645,2016,1,9,9,2016-01-09
1646,2016,1,10,13,2016-01-10
1647,2016,1,11,4,2016-01-11
1648,2016,1,12,7,2016-01-12
1649,2016,1,13,7,2016-01-13
1650,2016,1,14,12,2016-01-14
1651,2016,1,15,12,2016-01-15
1652,2016,1,16,13,2016-01-16
1653,2016,1,17,15,2016-01-17
1654,2016,1,18,5,2016-01-18
1655,2016,1,19,14,2016-01-19
1656,2016,1,20,12,2016-01-20
1657,2016,1,21,11,2016-01-21
1658,2016,1,22,13,2016-01-22
1659,2016,1,23,6,2016-01-23
1660,2016,1,24,9,2016-01-24
1661,2016,1,25,9,2016-01-25
1662,2016,1,26,17,2016-01-26
1663,2016,1,27,14,2016-01-27
1664,2016,1,28,8,2016-01-28
1665,2016,1,29,15,2016-01-29
1666,2016,1,30,6,2016-01-30
1667,2016,1,31,3,2016-01-31
1668,2016,2,1,17,2016-02-01
1669,2016,2,2,6,2016-02-02
1670,2016,2,3,13,2016-02-03
1671,2016,2,4,5,2016-02-04
1672,2016,2,5,7,2016-02-05
1673,2016,2,6,12,2016-02-06
1674,2016,2,7,9,2016-02-07
1675,2016,2,8,18,2016-02-08
1676,2016,2,9,5,2016-02-09
1677,2016,2,10,26,2016-02-10
1678,2016,2,11,8,2016-02-11
1679,2016,2,12,6,2016-02-12
1680,2016,2,13,4,2016-02-13
1681,2016,2,14,9,2016-02-14
1682,2016,2,15,6,2016-02-15
1683,2016,2,16,14,2016-02-16
1684,2016,2,17,16,2016-02-17
1685,2016,2,18,10,2016-02-18
1686,2016,2,19,14,2016-02-19
1687,2016,2,20,7,2016-02-20
1688,2016,2,21,9,2016-02-21
1689,2016,2,22,12,2016-02-22
1690,2016,2,23,8,2016-02-23
1691,2016,2,24,26,2016-02-24
1692,2016,2,25,8,2016-02-25
1693,2016,2,26,13,2016-02-26
1694,2016,2,27,13,2016-02-27
1695,2016,2,28,8,2016-02-28
1696,2016,2,29,15,2016-02-29
1697,2016,3,1,8,2016-03-01
1698,2016,3,2,15,2016-03-02
1699,2016,3,3,21,2016-03-03
1700,2016,3,4,18,2016-03-04
1701,2016,3,5,10,2016-03-05
1702,2016,3,6,11,2016-03-06
1703,2016,3,7,6,2016-03-07
1704,2016,3,8,13,2016-03-08
1705,2016,3,9,16,2016-03-09
1706,2016,3,10,12,2016-03-10
1707,2016,3,11,20,2016-03-11
1708,2016,3,12,8,2016-03-12
1709,2016,3,13,6,2016-03-13
1710,2016,3,14,16,2016-03-14
1711,2016,3,15,4,2016-03-15
1712,2016,3,16,5,2016-03-16
1713,2016,3,17,11,2016-03-17
1714,2016,3,18,14,2016-03-18
1715,2016,3,19,21,2016-03-19
1716,2016,3,20,33,2016-03-20
1717,2016,3,21,17,2016-03-21
1718,2016,3,22,11,2016-03-22
1719,2016,3,23,15,2016-03-23
1720,2016,3,24,7,2016-03-24
1721,2016,3,25,21,2016-03-25
1722,2016,3,26,18,2016-03-26
1723,2016,3,27,8,2016-03-27
1724,2016,3,28,24,2016-03-28
1725,2016,3,29,16,2016-03-29
1726,2016,3,30,20,2016-03-30
1727,2016,3,31,20,2016-03-31
1728,2016,4,1,18,2016-04-01
1729,2016,4,2,23,2016-04-02
1730,2016,4,3,25,2016-04-03
1731,2016,4,4,24,2016-04-04
1732,2016,4,5,26,2016-04-05
1733,2016,4,6,15,2016-04-06
1734,2016,4,7,14,2016-04-07
1735,2016,4,8,22,2016-04-08
1736,2016,4,9,16,2016-04-09
1737,2016,4,10,18,2016-04-10
1738,2016,4,11,13,2016-04-11
1739,2016,4,12,13,2016-04-12
1740,2016,4,13,19,2016-04-13
1741,2016,4,14,11,2016-04-14
1742,2016,4,15,15,2016-04-15
1743,2016,4,16,16,2016-04-16
1744,2016,4,17,23,2016-04-17
1745,2016,4,18,12,2016-04-18
1746,2016,4,19,19,2016-04-19
1747,2016,4,20,25,2016-04-20
1748,2016,4,21,17,2016-04-21
1749,2016,4,22,11,2016-04-22
1750,2016,4,23,23,2016-04-23
1751,2016,4,24,23,2016-04-24
1752,2016,4,25,26,2016-04-25
1753,2016,4,26,26,2016-04-26
1754,2016,4,27,15,2016-04-27
1755,2016,4,28,13,2016-04-28
1756,2016,4,29,21,2016-04-29
1757,2016,4,30,31,2016-04-30
1758,2016,5,1,20,2016-05-01
1759,2016,5,2,15,2016-05-02
1760,2016,5,3,26,2016-05-03
1761,2016,5,4,25,2016-05-04
1762,2016,5,5,26,2016-05-05
1763,2016,5,6,36,2016-05-06
1764,2016,5,7,31,2016-05-07
1765,2016,5,8,16,2016-05-08
1766,2016,5,9,20,2016-05-09
1767,2016,5,10,17,2016-05-10
1768,2016,5,11,16,2016-05-11
1769,2016,5,12,24,2016-05-12
1770,2016,5,13,11,2016-05-13
1771,2016,5,14,18,2016-05-14
1772,2016,5,15,29,2016-05-15
1773,2016,5,16,25,2016-05-16
1774,2016,5,17,23,2016-05-17
1775,2016,5,18,30,2016-05-18
1776,2016,5,19,27,2016-05-19
1777,2016,5,20,30,2016-05-20
1778,2016,5,21,24,2016-05-21
1779,2016,5,22,25,2016-05-22
1780,2016,5,23,18,2016-05-23
1781,2016,5,24,25,2016-05-24
1782,2016,5,25,15,2016-05-25
1783,2016,5,26,26,2016-05-26
1784,2016,5,27,35,2016-05-27
1785,2016,5,28,24,2016-05-28
1786,2016,5,29,26,2016-05-29
1787,2016,5,30,24,2016-05-30
1788,2016,5,31,42,2016-05-31
1789,2016,6,1,31,2016-06-01
1790,2016,6,2,24,2016-06-02
1791,2016,6,3,25,2016-06-03
1792,2016,6,4,33,2016-06-04
1793,2016,6,5,22,2016-06-05
1794,2016,6,6,13,2016-06-06
1795,2016,6,7,32,2016-06-07
1796,2016,6,8,30,2016-06-08
1797,2016,6,9,26,2016-06-09
1798,2016,6,10,25,2016-06-10
1799,2016,6,11,18,2016-06-11
1800,2016,6,12,18,2016-06-12
1801,2016,6,13,20,2016-06-13
1802,2016,6,14,30,2016-06-14
1803,2016,6,15,8,2016-06-15
1804,2016,6,16,26,2016-06-16
1805,2016,6,17,27,2016-06-17
1806,2016,6,18,15,2016-06-18
1807,2016,6,19,9,2016-06-19
1808,2016,6,20,36,2016-06-20
1809,2016,6,21,27,2016-06-21
1810,2016,6,22,28,2016-06-22
1811,2016,6,23,17,2016-06-23
1812,2016,6,24,13,2016-06-24
1813,2016,6,25,29,2016-06-25
1814,2016,6,26,34,2016-06-26
1815,2016,6,27,29,2016-06-27
1816,2016,6,28,10,2016-06-28
1817,2016,6,29,17,2016-06-29
1818,2016,6,30,22,2016-06-30
1819,2016,7,1,15,2016-07-01
1820,2016,7,2,16,2016-07-02
1821,2016,7,3,28,2016-07-03
1822,2016,7,4,16,2016-07-04
1823,2016,7,5,23,2016-07-05
1824,2016,7,6,14,2016-07-06
1825,2016,7,7,22,2016-07-07
1826,2016,7,8,21,2016-07-08
1827,2016,7,9,11,2016-07-09
1828,2016,7,10,15,2016-07-10
1829,2016,7,11,23,2016-07-11
1830,2016,7,12,15,2016-07-12
1831,2016,7,13,15,2016-07-13
1832,2016,7,14,11,2016-07-14
1833,2016,7,15,8,2016-07-15
1834,2016,7,16,13,2016-07-16
1835,2016,7,17,13,2016-07-17
1836,2016,7,18,17,2016-07-18
1837,2016,7,19,12,2016-07-19
1838,2016,7,20,19,2016-07-20
1839,2016,7,21,9,2016-07-21
1840,2016,7,22,26,2016-07-22
1841,2016,7,23,5,2016-07-23
1842,2016,7,24,17,2016-07-24
1843,2016,7,25,18,2016-07-25
1844,2016,7,26,23,2016-07-26
1845,2016,7,27,24,2016-07-27
1846,2016,7,28,20,2016-07-28
1847,2016,7,29,20,2016-07-29
1848,2016,7,30,16,2016-07-30
1849,2016,7,31,12,2016-07-31
1850,2016,8,1,19,2016-08-01
1851,2016,8,2,12,2016-08-02
1852,2016,8,3,23,2016-08-03
1853,2016,8,4,16,2016-08-04
1854,2016,8,5,12,2016-08-05
1855,2016,8,6,21,2016-08-06
1856,2016,8,7,22,2016-08-07
1857,2016,8,8,16,2016-08-08
1858,2016,8,9,15,2016-08-09
1859,2016,8,10,13,2016-08-10
1860,2016,8,11,10,2016-08-11
1861,2016,8,12,13,2016-08-12
1862,2016,8,13,17,2016-08-13
1863,2016,8,14,20,2016-08-14
1864,2016,8,15,20,2016-08-15
1865,2016,8,16,15,2016-08-16
1866,2016,8,17,9,2016-08-17
1867,2016,8,18,15,2016-08-18
1868,2016,8,19,7,2016-08-19
1869,2016,8,20,15,2016-08-20
1870,2016,8,21,8,2016-08-21
1871,2016,8,22,15,2016-08-22
1872,2016,8,23,8,2016-08-23
1873,2016,8,24,22,2016-08-24
1874,2016,8,25,9,2016-08-25
1875,2016,8,26,18,2016-08-26
1876,2016,8,27,13,2016-08-27
1877,2016,8,28,9,2016-08-28
1878,2016,8,29,11,2016-08-29
1879,2016,8,30,7,2016-08-30
1880,2016,8,31,9,2016-08-31
1881,2016,9,1,15,2016-09-01
1882,2016,9,2,16,2016-09-02
1883,2016,9,3,8,2016-09-03
1884,2016,9,4,16,2016-09-04
1885,2016,9,5,12,2016-09-05
1886,2016,9,6,18,2016-09-06
1887,2016,9,7,8,2016-09-07
1888,2016,9,8,26,2016-09-08
1889,2016,9,9,14,2016-09-09
1890,2016,9,10,10,2016-09-10
1891,2016,9,11,8,2016-09-11
1892,2016,9,12,13,2016-09-12
1893,2016,9,13,21,2016-09-13
1894,2016,9,14,13,2016-09-14
1895,2016,9,15,14,2016-09-15
1896,2016,9,16,10,2016-09-16
1897,2016,9,17,3,2016-09-17
1898,2016,9,18,12,2016-09-18
1899,2016,9,19,14,2016-09-19
1900,2016,9,20,8,2016-09-20
1901,2016,9,21,5,2016-09-21
1902,2016,9,22,9,2016-09-22
1903,2016,9,23,13,2016-09-23
1904,2016,9,24,16,2016-09-24
1905,2016,9,25,28,2016-09-25
1906,2016,9,26,16,2016-09-26
1907,2016,9,27,8,2016-09-27
1908,2016,9,28,3,2016-09-28
1909,2016,9,29,13,2016-09-29
1910,2016,9,30,11,2016-09-30
1911,2016,10,1,6,2016-10-01
1912,2016,10,2,8,2016-10-02
1913,2016,10,3,12,2016-10-03
1914,2016,10,4,16,2016-10-04
1915,2016,10,5,14,2016-10-05
1916,2016,10,6,8,2016-10-06
1917,2016,10,7,16,2016-10-07
1918,2016,10,8,4,2016-10-08
1919,2016,10,9,5,2016-10-09
1920,2016,10,10,13,2016-10-10
1921,2016,10,11,8,2016-10-11
1922,2016,10,12,11,2016-10-12
1923,2016,10,13,3,2016-10-13
1924,2016,10,14,11,2016-10-14
1925,2016,10,15,14,2016-10-15
1926,2016,10,16,12,2016-10-16
1927,2016,10,17,10,2016-10-17
1928,2016,10,18,13,2016-10-18
1929,2016,10,19,11,2016-10-19
1930,2016,10,20,8,2016-10-20
1931,2016,10,21,11,2016-10-21
1932,2016,10,22,5,2016-10-22
1933,2016,10,23,9,2016-10-23
1934,2016,10,24,12,2016-10-24
1935,2016,10,25,18,2016-10-25
1936,2016,10,26,12,2016-10-26
1937,2016,10,27,7,2016-10-27
1938,2016,10,28,9,2016-10-28
1939,2016,10,29,3,2016-10-29
1940,2016,10,30,2,2016-10-30
1941,2016,10,31,5,2016-10-31
1942,2016,11,1,3,2016-11-01
1943,2016,11,2,14,2016-11-02
1944,2016,11,3,9,2016-11-03
1945,2016,11,4,12,2016-11-04
1946,2016,11,5,10,2016-11-05
1947,2016,11,6,2,2016-11-06
1948,2016,11,7,6,2016-11-07
1949,2016,11,8,11,2016-11-08
1950,2016,11,9,3,2016-11-09
1951,2016,11,10,9,2016-11-10
1952,2016,11,11,7,2016-11-11
1953,2016,11,12,7,2016-11-12
1954,2016,11,13,9,2016-11-13
1955,2016,11,14,8,2016-11-14
1956,2016,11,15,11,2016-11-15
1957,2016,11,16,12,2016-11-16
1958,2016,11,17,3,2016-11-17
1959,2016,11,18,17,2016-11-18
1960,2016,11,19,4,2016-11-19
1961,2016,11,20,12,2016-11-20
1962,2016,11,21,9,2016-11-21
1963,2016,11,22,14,2016-11-22
1964,2016,11,23,9,2016-11-23
1965,2016,11,24,8,2016-11-24
1966,2016,11,25,13,2016-11-25
1967,2016,11,26,16,2016-11-26
1968,2016,11,27,6,2016-11-27
1969,2016,11,28,13,2016-11-28
1970,2016,11,29,9,2016-11-29
1971,2016,11,30,18,2016-11-30
1972,2016,12,1,11,2016-12-01
1973,2016,12,2,14,2016-12-02
1974,2016,12,3,13,2016-12-03
1975,2016,12,4,8,2016-12-04
1976,2016,12,5,15,2016-12-05
1977,2016,12,6,9,2016-12-06
1978,2016,12,7,10,2016-12-07
1979,2016,12,8,4,2016-12-08
1980,2016,12,9,4,2016-12-09
1981,2016,12,10,13,2016-12-10
1982,2016,12,11,5,2016-12-11
1983,2016,12,12,11,2016-12-12
1984,2016,12,13,12,2016-12-13
1985,2016,12,14,11,2016-12-14
1986,2016,12,15,22,2016-12-15
1987,2016,12,16,15,2016-12-16
1988,2016,12,17,5,2016-12-17
1989,2016,12,18,12,2016-12-18
1990,2016,12,19,9,2016-12-19
1991,2016,12,20,12,2016-12-20
1992,2016,12,21,8,2016-12-21
1993,2016,12,22,13,2016-12-22
1994,2016,12,23,7,2016-12-23
1995,2016,12,24,2,2016-12-24
1996,2016,12,25,2,2016-12-25
1997,2016,12,26,6,2016-12-26
1998,2016,12,27,12,2016-12-27
1999,2016,12,28,8,2016-12-28
2000,2016,12,29,3,2016-12-29
2001,2016,12,30,7,2016-12-30
2002,2016,12,31,5,2016-12-31
2003,2017,1,1,3,2017-01-01
2004,2017,1,2,2,2017-01-02
2005,2017,1,3,4,2017-01-03
2006,2017,1,4,4,2017-01-04
2007,2017,1,5,2,2017-01-05
2008,2017,1,6,7,2017-01-06
2009,2017,1,7,5,2017-01-07
2010,2017,1,8,7,2017-01-08
2011,2017,1,9,6,2017-01-09
2012,2017,1,10,9,2017-01-10
2013,2017,1,11,12,2017-01-11
2014,2017,1,12,11,2017-01-12
2015,2017,1,13,9,2017-01-13
2016,2017,1,14,17,2017-01-14
2017,2017,1,15,8,2017-01-15
2018,2017,1,16,9,2017-01-16
2019,2017,1,17,22,2017-01-17
2020,2017,1,18,9,2017-01-18
2021,2017,1,19,7,2017-01-19
2022,2017,1,20,9,2017-01-20
2023,2017,1,21,13,2017-01-21
2024,2017,1,22,20,2017-01-22
2025,2017,1,23,6,2017-01-23
2026,2017,1,24,10,2017-01-24
2027,2017,1,25,10,2017-01-25
2028,2017,1,26,8,2017-01-26
2029,2017,1,27,13,2017-01-27
2030,2017,1,28,14,2017-01-28
2031,2017,1,29,11,2017-01-29
2032,2017,1,30,8,2017-01-30
2033,2017,1,31,9,2017-01-31
2034,2017,2,1,6,2017-02-01
2035,2017,2,2,4,2017-02-02
2036,2017,2,3,6,2017-02-03
2037,2017,2,4,7,2017-02-04
2038,2017,2,5,9,2017-02-05
2039,2017,2,6,10,2017-02-06
2040,2017,2,7,12,2017-02-07
2041,2017,2,8,12,2017-02-08
2042,2017,2,9,5,2017-02-09
2043,2017,2,10,16,2017-02-10
2044,2017,2,11,5,2017-02-11
2045,2017,2,12,13,2017-02-12
2046,2017,2,13,17,2017-02-13
2047,2017,2,14,20,2017-02-14
2048,2017,2,15,14,2017-02-15
2049,2017,2,16,4,2017-02-16
2050,2017,2,17,12,2017-02-17
2051,2017,2,18,5,2017-02-18
2052,2017,2,19,9,2017-02-19
2053,2017,2,20,10,2017-02-20
2054,2017,2,21,13,2017-02-21
2055,2017,2,22,13,2017-02-22
2056,2017,2,23,11,2017-02-23
2057,2017,2,24,18,2017-02-24
2058,2017,2,25,18,2017-02-25
2059,2017,2,26,11,2017-02-26
2060,2017,2,27,18,2017-02-27
2061,2017,2,28,17,2017-02-28
2062,2017,3,1,10,2017-03-01
2063,2017,3,2,12,2017-03-02
2064,2017,3,3,9,2017-03-03
2065,2017,3,4,13,2017-03-04
2066,2017,3,5,4,2017-03-05
2067,2017,3,6,12,2017-03-06
2068,2017,3,7,5,2017-03-07
2069,2017,3,8,4,2017-03-08
2070,2017,3,9,9,2017-03-09
2071,2017,3,10,10,2017-03-10
2072,2017,3,11,17,2017-03-11
2073,2017,3,12,16,2017-03-12
2074,2017,3,13,13,2017-03-13
2075,2017,3,14,9,2017-03-14
2076,2017,3,15,6,2017-03-15
2077,2017,3,16,7,2017-03-16
2078,2017,3,17,18,2017-03-17
2079,2017,3,18,14,2017-03-18
2080,2017,3,19,12,2017-03-19
2081,2017,3,20,28,2017-03-20
2082,2017,3,21,14,2017-03-21
2083,2017,3,22,12,2017-03-22
2084,2017,3,23,12,2017-03-23
2085,2017,3,24,4,2017-03-24
2086,2017,3,25,19,2017-03-25
2087,2017,3,26,9,2017-03-26
2088,2017,3,27,10,2017-03-27
2089,2017,3,28,11,2017-03-28
2090,2017,3,29,5,2017-03-29
2091,2017,3,30,17,2017-03-30
2092,2017,3,31,12,2017-03-31
2093,2017,4,1,14,2017-04-01
2094,2017,4,2,24,2017-04-02
2095,2017,4,3,24,2017-04-03
2096,2017,4,4,16,2017-04-04
2097,2017,4,5,15,2017-04-05
2098,2017,4,6,8,2017-04-06
2099,2017,4,7,11,2017-04-07
2100,2017,4,8,8,2017-04-08
2101,2017,4,9,16,2017-04-09
2102,2017,4,10,8,2017-04-10
2103,2017,4,11,9,2017-04-11
2104,2017,4,12,31,2017-04-12
2105,2017,4,13,21,2017-04-13
2106,2017,4,14,14,2017-04-14
2107,2017,4,15,13,2017-04-15
2108,2017,4,16,13,2017-04-16
2109,2017,4,17,26,2017-04-17
2110,2017,4,18,17,2017-04-18
2111,2017,4,19,20,2017-04-19
2112,2017,4,20,19,2017-04-20
2113,2017,4,21,20,2017-04-21
2114,2017,4,22,19,2017-04-22
2115,2017,4,23,28,2017-04-23
2116,2017,4,24,11,2017-04-24
2117,2017,4,25,21,2017-04-25
2118,2017,4,26,15,2017-04-26
2119,2017,4,27,14,2017-04-27
2120,2017,4,28,8,2017-04-28
2121,2017,4,29,25,2017-04-29
2122,2017,4,30,29,2017-04-30
2123,2017,5,1,14,2017-05-01
2124,2017,5,2,18,2017-05-02
2125,2017,5,3,22,2017-05-03
2126,2017,5,4,28,2017-05-04
2127,2017,5,5,13,2017-05-05
2128,2017,5,6,27,2017-05-06
2129,2017,5,7,13,2017-05-07
2130,2017,5,8,13,2017-05-08
2131,2017,5,9,20,2017-05-09
2132,2017,5,10,15,2017-05-10
2133,2017,5,11,21,2017-05-11
2134,2017,5,12,31,2017-05-12
2135,2017,5,13,20,2017-05-13
2136,2017,5,14,19,2017-05-14
2137,2017,5,15,12,2017-05-15
2138,2017,5,16,30,2017-05-16
2139,2017,5,17,22,2017-05-17
2140,2017,5,18,27,2017-05-18
2141,2017,5,19,18,2017-05-19
2142,2017,5,20,21,2017-05-20
2143,2017,5,21,18,2017-05-21
2144,2017,5,22,26,2017-05-22
2145,2017,5,23,27,2017-05-23
2146,2017,5,24,14,2017-05-24
2147,2017,5,25,34,2017-05-25
2148,2017,5,26,16,2017-05-26
2149,2017,5,27,30,2017-05-27
2150,2017,5,28,22,2017-05-28
2151,2017,5,29,18,2017-05-29
2152,2017,5,30,38,2017-05-30
2153,2017,5,31,32,2017-05-31
2154,2017,6,1,10,2017-06-01
2155,2017,6,2,28,2017-06-02
2156,2017,6,3,16,2017-06-03
2157,2017,6,4,17,2017-06-04
2158,2017,6,5,20,2017-06-05
2159,2017,6,6,15,2017-06-06
2160,2017,6,7,21,2017-06-07
2161,2017,6,8,16,2017-06-08
2162,2017,6,9,23,2017-06-09
2163,2017,6,10,15,2017-06-10
2164,2017,6,11,18,2017-06-11
2165,2017,6,12,16,2017-06-12
2166,2017,6,13,23,2017-06-13
2167,2017,6,14,17,2017-06-14
2168,2017,6,15,22,2017-06-15
2169,2017,6,16,12,2017-06-16
2170,2017,6,17,24,2017-06-17
2171,2017,6,18,10,2017-06-18
2172,2017,6,19,13,2017-06-19
2173,2017,6,20,20,2017-06-20
2174,2017,6,21,23,2017-06-21
2175,2017,6,22,22,2017-06-22
2176,2017,6,23,22,2017-06-23
2177,2017,6,24,12,2017-06-24
2178,2017,6,25,18,2017-06-25
2179,2017,6,26,21,2017-06-26
2180,2017,6,27,20,2017-06-27
2181,2017,6,28,21,2017-06-28
2182,2017,6,29,10,2017-06-29
2183,2017,6,30,7,2017-06-30
2184,2017,7,1,22,2017-07-01
2185,2017,7,2,25,2017-07-02
2186,2017,7,3,18,2017-07-03
2187,2017,7,4,17,2017-07-04
2188,2017,7,5,6,2017-07-05
2189,2017,7,6,16,2017-07-06
2190,2017,7,7,9,2017-07-07
2191,2017,7,8,15,2017-07-08
2192,2017,7,9,14,2017-07-09
2193,2017,7,10,16,2017-07-10
2194,2017,7,11,21,2017-07-11
2195,2017,7,12,17,2017-07-12
2196,2017,7,13,14,2017-07-13
2197,2017,7,14,12,2017-07-14
2198,2017,7,15,20,2017-07-15
2199,2017,7,16,15,2017-07-16
2200,2017,7,17,24,2017-07-17
2201,2017,7,18,23,2017-07-18
2202,2017,7,19,19,2017-07-19
2203,2017,7,20,32,2017-07-20
2204,2017,7,21,11,2017-07-21
2205,2017,7,22,11,2017-07-22
2206,2017,7,23,10,2017-07-23
2207,2017,7,24,21,2017-07-24
2208,2017,7,25,16,2017-07-25
2209,2017,7,26,4,2017-07-26
2210,2017,7,27,17,2017-07-27
2211,2017,7,28,17,2017-07-28
2212,2017,7,29,11,2017-07-29
2213,2017,7,30,11,2017-07-30
2214,2017,7,31,17,2017-07-31
2215,2017,8,1,15,2017-08-01
2216,2017,8,2,5,2017-08-02
2217,2017,8,3,11,2017-08-03
2218,2017,8,4,7,2017-08-04
2219,2017,8,5,6,2017-08-05
2220,2017,8,6,15,2017-08-06
2221,2017,8,7,9,2017-08-07
2222,2017,8,8,18,2017-08-08
2223,2017,8,9,16,2017-08-09
2224,2017,8,10,15,2017-08-10
2225,2017,8,11,5,2017-08-11
2226,2017,8,12,15,2017-08-12
2227,2017,8,13,21,2017-08-13
2228,2017,8,14,20,2017-08-14
2229,2017,8,15,7,2017-08-15
2230,2017,8,16,12,2017-08-16
2231,2017,8,17,15,2017-08-17
2232,2017,8,18,11,2017-08-18
2233,2017,8,19,17,2017-08-19
2234,2017,8,20,18,2017-08-20
2235,2017,8,21,24,2017-08-21
2236,2017,8,22,11,2017-08-22
2237,2017,8,23,13,2017-08-23
2238,2017,8,24,12,2017-08-24
2239,2017,8,25,16,2017-08-25
2240,2017,8,26,22,2017-08-26
2241,2017,8,27,14,2017-08-27
2242,2017,8,28,10,2017-08-28
2243,2017,8,29,11,2017-08-29
2244,2017,8,30,21,2017-08-30
2245,2017,8,31,22,2017-08-31
2246,2017,9,1,25,2017-09-01
2247,2017,9,2,17,2017-09-02
2248,2017,9,3,19,2017-09-03
2249,2017,9,4,14,2017-09-04
2250,2017,9,5,12,2017-09-05
2251,2017,9,6,7,2017-09-06
2252,2017,9,7,10,2017-09-07
2253,2017,9,8,11,2017-09-08
2254,2017,9,9,10,2017-09-09
2255,2017,9,10,19,2017-09-10
2256,2017,9,11,14,2017-09-11
2257,2017,9,12,3,2017-09-12
2258,2017,9,13,8,2017-09-13
2259,2017,9,14,13,2017-09-14
2260,2017,9,15,14,2017-09-15
2261,2017,9,16,6,2017-09-16
2262,2017,9,17,14,2017-09-17
2263,2017,9,18,11,2017-09-18
2264,2017,9,19,12,2017-09-19
2265,2017,9,20,8,2017-09-20
2266,2017,9,21,9,2017-09-21
2267,2017,9,22,15,2017-09-22
2268,2017,9,23,5,2017-09-23
2269,2017,9,24,4,2017-09-24
2270,2017,9,25,16,2017-09-25
2271,2017,9,26,20,2017-09-26
2272,2017,9,27,19,2017-09-27
2273,2017,9,28,7,2017-09-28
2274,2017,9,29,4,2017-09-29
2275,2017,9,30,10,2017-09-30
2276,2017,10,1,11,2017-10-01
2277,2017,10,2,11,2017-10-02
2278,2017,10,3,13,2017-10-03
2279,2017,10,4,10,2017-10-04
2280,2017,10,5,3,2017-10-05
2281,2017,10,6,11,2017-10-06
2282,2017,10,7,8,2017-10-07
2283,2017,10,8,7,2017-10-08
2284,2017,10,9,9,2017-10-09
2285,2017,10,10,11,2017-10-10
2286,2017,10,11,8,2017-10-11
2287,2017,10,12,19,2017-10-12
2288,2017,10,13,12,2017-10-13
2289,2017,10,14,11,2017-10-14
2290,2017,10,15,7,2017-10-15
2291,2017,10,16,10,2017-10-16
2292,2017,10,17,4,2017-10-17
2293,2017,10,18,9,2017-10-18
2294,2017,10,19,11,2017-10-19
2295,2017,10,20,9,2017-10-20
2296,2017,10,21,11,2017-10-21
2297,2017,10,22,7,2017-10-22
2298,2017,10,23,15,2017-10-23
2299,2017,10,24,8,2017-10-24
2300,2017,10,25,18,2017-10-25
2301,2017,10,26,11,2017-10-26
2302,2017,10,27,7,2017-10-27
2303,2017,10,28,8,2017-10-28
2304,2017,10,29,9,2017-10-29
2305,2017,10,30,7,2017-10-30
2306,2017,10,31,4,2017-10-31
2307,2017,11,1,5,2017-11-01
2308,2017,11,2,9,2017-11-02
2309,2017,11,3,17,2017-11-03
2310,2017,11,4,7,2017-11-04
2311,2017,11,5,6,2017-11-05
2312,2017,11,6,10,2017-11-06
2313,2017,11,7,5,2017-11-07
2314,2017,11,8,21,2017-11-08
2315,2017,11,9,19,2017-11-09
2316,2017,11,10,10,2017-11-10
2317,2017,11,11,20,2017-11-11
2318,2017,11,12,11,2017-11-12
2319,2017,11,13,23,2017-11-13
2320,2017,11,14,18,2017-11-14
2321,2017,11,15,5,2017-11-15
2322,2017,11,16,14,2017-11-16
2323,2017,11,17,9,2017-11-17
2324,2017,11,18,7,2017-11-18
2325,2017,11,19,19,2017-11-19
2326,2017,11,20,10,2017-11-20
2327,2017,11,21,10,2017-11-21
2328,2017,11,22,8,2017-11-22
2329,2017,11,23,6,2017-11-23
2330,2017,11,24,8,2017-11-24
2331,2017,11,25,9,2017-11-25
2332,2017,11,26,9,2017-11-26
2333,2017,11,27,7,2017-11-27
2334,2017,11,28,9,2017-11-28
2335,2017,11,29,1,2017-11-29
2336,2017,11,30,9,2017-11-30
2337,2017,12,1,3,2017-12-01
2338,2017,12,2,5,2017-12-02
2339,2017,12,3,4,2017-12-03
2340,2017,12,4,13,2017-12-04
2341,2017,12,5,15,2017-12-05
2342,2017,12,6,8,2017-12-06
2343,2017,12,7,5,2017-12-07
2344,2017,12,8,9,2017-12-08
2345,2017,12,9,4,2017-12-09
2346,2017,12,10,4,2017-12-10
2347,2017,12,11,10,2017-12-11
2348,2017,12,12,9,2017-12-12
2349,2017,12,13,13,2017-12-13
2350,2017,12,14,12,2017-12-14
2351,2017,12,15,12,2017-12-15
2352,2017,12,16,13,2017-12-16
2353,2017,12,17,7,2017-12-17
2354,2017,12,18,10,2017-12-18
2355,2017,12,19,16,2017-12-19
2356,2017,12,20,17,2017-12-20
2357,2017,12,21,17,2017-12-21
2358,2017,12,22,8,2017-12-22
2359,2017,12,23,18,2017-12-23
2360,2017,12,24,10,2017-12-24
2361,2017,12,25,8,2017-12-25
2362,2017,12,26,5,2017-12-26
2363,2017,12,27,11,2017-12-27
2364,2017,12,28,6,2017-12-28
2365,2017,12,29,7,2017-12-29
2366,2017,12,30,10,2017-12-30
2367,2017,12,31,13,2017-12-31
2368,2018,1,1,9,2018-01-01
2369,2018,1,2,18,2018-01-02
2370,2018,1,3,14,2018-01-03
2371,2018,1,4,9,2018-01-04
2372,2018,1,5,10,2018-01-05
2373,2018,1,6,10,2018-01-06
2374,2018,1,7,2,2018-01-07
2375,2018,1,8,15,2018-01-08
2376,2018,1,9,10,2018-01-09
2377,2018,1,10,11,2018-01-10
2378,2018,1,11,3,2018-01-11
2379,2018,1,12,9,2018-01-12
2380,2018,1,13,9,2018-01-13
2381,2018,1,14,7,2018-01-14
2382,2018,1,15,17,2018-01-15
2383,2018,1,16,8,2018-01-16
2384,2018,1,17,14,2018-01-17
2385,2018,1,18,6,2018-01-18
2386,2018,1,19,11,2018-01-19
2387,2018,1,20,19,2018-01-20
2388,2018,1,21,7,2018-01-21
2389,2018,1,22,14,2018-01-22
2390,2018,1,23,14,2018-01-23
2391,2018,1,24,13,2018-01-24
2392,2018,1,25,10,2018-01-25
2393,2018,1,26,9,2018-01-26
2394,2018,1,27,11,2018-01-27
2395,2018,1,28,13,2018-01-28
2396,2018,1,29,10,2018-01-29
2397,2018,1,30,6,2018-01-30
2398,2018,1,31,6,2018-01-31
2399,2018,2,1,10,2018-02-01
2400,2018,2,2,13,2018-02-02
2401,2018,2,3,11,2018-02-03
2402,2018,2,4,17,2018-02-04
2403,2018,2,5,8,2018-02-05
2404,2018,2,6,10,2018-02-06
2405,2018,2,7,9,2018-02-07
2406,2018,2,8,7,2018-02-08
2407,2018,2,9,4,2018-02-09
2408,2018,2,10,4,2018-02-10
2409,2018,2,11,10,2018-02-11
2410,2018,2,12,4,2018-02-12
2411,2018,2,13,15,2018-02-13
2412,2018,2,14,8,2018-02-14
2413,2018,2,15,17,2018-02-15
2414,2018,2,16,11,2018-02-16
2415,2018,2,17,8,2018-02-17
2416,2018,2,18,9,2018-02-18
2417,2018,2,19,8,2018-02-19
2418,2018,2,20,15,2018-02-20
2419,2018,2,21,20,2018-02-21
2420,2018,2,22,12,2018-02-22
2421,2018,2,23,12,2018-02-23
2422,2018,2,24,5,2018-02-24
2423,2018,2,25,4,2018-02-25
2424,2018,2,26,8,2018-02-26
2425,2018,2,27,19,2018-02-27
2426,2018,2,28,7,2018-02-28
2427,2018,3,1,6,2018-03-01
2428,2018,3,2,16,2018-03-02
2429,2018,3,3,2,2018-03-03
2430,2018,3,4,11,2018-03-04
2431,2018,3,5,17,2018-03-05
2432,2018,3,6,6,2018-03-06
2433,2018,3,7,7,2018-03-07
2434,2018,3,8,11,2018-03-08
2435,2018,3,9,13,2018-03-09
2436,2018,3,10,11,2018-03-10
2437,2018,3,11,9,2018-03-11
2438,2018,3,12,26,2018-03-12
2439,2018,3,13,21,2018-03-13
2440,2018,3,14,11,2018-03-14
2441,2018,3,15,17,2018-03-15
2442,2018,3,16,11,2018-03-16
2443,2018,3,17,7,2018-03-17
2444,2018,3,18,19,2018-03-18
2445,2018,3,19,18,2018-03-19
2446,2018,3,20,21,2018-03-20
2447,2018,3,21,22,2018-03-21
2448,2018,3,22,13,2018-03-22
2449,2018,3,23,15,2018-03-23
2450,2018,3,24,16,2018-03-24
2451,2018,3,25,19,2018-03-25
2452,2018,3,26,18,2018-03-26
2453,2018,3,27,11,2018-03-27
2454,2018,3,28,13,2018-03-28
2455,2018,3,29,17,2018-03-29
2456,2018,3,30,14,2018-03-30
2457,2018,3,31,20,2018-03-31
2458,2018,4,1,21,2018-04-01
2459,2018,4,2,22,2018-04-02
2460,2018,4,3,10,2018-04-03
2461,2018,4,4,28,2018-04-04
2462,2018,4,5,12,2018-04-05
2463,2018,4,6,23,2018-04-06
2464,2018,4,7,21,2018-04-07
2465,2018,4,8,25,2018-04-08
2466,2018,4,9,17,2018-04-09
2467,2018,4,10,27,2018-04-10
2468,2018,4,11,13,2018-04-11
2469,2018,4,12,15,2018-04-12
2470,2018,4,13,11,2018-04-13
2471,2018,4,14,9,2018-04-14
2472,2018,4,15,14,2018-04-15
2473,2018,4,16,14,2018-04-16
2474,2018,4,17,12,2018-04-17
2475,2018,4,18,16,2018-04-18
2476,2018,4,19,14,2018-04-19
2477,2018,4,20,14,2018-04-20
2478,2018,4,21,15,2018-04-21
2479,2018,4,22,12,2018-04-22
2480,2018,4,23,7,2018-04-23
2481,2018,4,24,7,2018-04-24
2482,2018,4,25,8,2018-04-25
2483,2018,4,26,11,2018-04-26
2484,2018,4,27,17,2018-04-27
2485,2018,4,28,11,2018-04-28
2486,2018,4,29,13,2018-04-29
2487,2018,4,30,22,2018-04-30
2488,2018,5,1,28,2018-05-01
2489,2018,5,2,18,2018-05-02
2490,2018,5,3,11,2018-05-03
2491,2018,5,4,15,2018-05-04
2492,2018,5,5,21,2018-05-05
2493,2018,5,6,14,2018-05-06
2494,2018,5,7,24,2018-05-07
2495,2018,5,8,21,2018-05-08
2496,2018,5,9,25,2018-05-09
2497,2018,5,10,22,2018-05-10
2498,2018,5,11,15,2018-05-11
2499,2018,5,12,21,2018-05-12
2500,2018,5,13,31,2018-05-13
2501,2018,5,14,27,2018-05-14
2502,2018,5,15,15,2018-05-15
2503,2018,5,16,20,2018-05-16
2504,2018,5,17,20,2018-05-17
2505,2018,5,18,18,2018-05-18
2506,2018,5,19,18,2018-05-19
2507,2018,5,20,13,2018-05-20
2508,2018,5,21,11,2018-05-21
2509,2018,5,22,20,2018-05-22
2510,2018,5,23,16,2018-05-23
2511,2018,5,24,19,2018-05-24
2512,2018,5,25,8,2018-05-25
2513,2018,5,26,19,2018-05-26
2514,2018,5,27,22,2018-05-27
2515,2018,5,28,20,2018-05-28
2516,2018,5,29,18,2018-05-29
2517,2018,5,30,30,2018-05-30
2518,2018,5,31,20,2018-05-31
2519,2018,6,1,24,2018-06-01
2520,2018,6,2,18,2018-06-02
2521,2018,6,3,23,2018-06-03
2522,2018,6,4,15,2018-06-04
2523,2018,6,5,16,2018-06-05
2524,2018,6,6,18,2018-06-06
2525,2018,6,7,15,2018-06-07
2526,2018,6,8,14,2018-06-08
2527,2018,6,9,25,2018-06-09
2528,2018,6,10,16,2018-06-10
2529,2018,6,11,22,2018-06-11
2530,2018,6,12,21,2018-06-12
2531,2018,6,13,25,2018-06-13
2532,2018,6,14,24,2018-06-14
2533,2018,6,15,21,2018-06-15
2534,2018,6,16,13,2018-06-16
2535,2018,6,17,16,2018-06-17
2536,2018,6,18,29,2018-06-18
2537,2018,6,19,32,2018-06-19
2538,2018,6,20,18,2018-06-20
2539,2018,6,21,15,2018-06-21
2540,2018,6,22,18,2018-06-22
2541,2018,6,23,15,2018-06-23
2542,2018,6,24,20,2018-06-24
2543,2018,6,25,18,2018-06-25
2544,2018,6,26,19,2018-06-26
2545,2018,6,27,23,2018-06-27
2546,2018,6,28,19,2018-06-28
2547,2018,6,29,28,2018-06-29
2548,2018,6,30,16,2018-06-30
2549,2018,7,1,16,2018-07-01
2550,2018,7,2,21,2018-07-02
2551,2018,7,3,14,2018-07-03
2552,2018,7,4,15,2018-07-04
2553,2018,7,5,30,2018-07-05
2554,2018,7,6,10,2018-07-06
2555,2018,7,7,13,2018-07-07
2556,2018,7,8,19,2018-07-08
2557,2018,7,9,20,2018-07-09
2558,2018,7,10,12,2018-07-10
2559,2018,7,11,7,2018-07-11
2560,2018,7,12,19,2018-07-12
2561,2018,7,13,22,2018-07-13
2562,2018,7,14,30,2018-07-14
2563,2018,7,15,15,2018-07-15
2564,2018,7,16,15,2018-07-16
2565,2018,7,17,21,2018-07-17
2566,2018,7,18,20,2018-07-18
2567,2018,7,19,12,2018-07-19
2568,2018,7,20,22,2018-07-20
2569,2018,7,21,9,2018-07-21
2570,2018,7,22,13,2018-07-22
2571,2018,7,23,12,2018-07-23
2572,2018,7,24,24,2018-07-24
2573,2018,7,25,13,2018-07-25
2574,2018,7,26,27,2018-07-26
2575,2018,7,27,10,2018-07-27
2576,2018,7,28,10,2018-07-28
2577,2018,7,29,23,2018-07-29
2578,2018,7,30,21,2018-07-30
2579,2018,7,31,24,2018-07-31
2580,2018,8,1,25,2018-08-01
2581,2018,8,2,13,2018-08-02
2582,2018,8,3,15,2018-08-03
2583,2018,8,4,13,2018-08-04
2584,2018,8,5,16,2018-08-05
2585,2018,8,6,24,2018-08-06
2586,2018,8,7,18,2018-08-07
2587,2018,8,8,18,2018-08-08
2588,2018,8,9,25,2018-08-09
2589,2018,8,10,20,2018-08-10
2590,2018,8,11,11,2018-08-11
2591,2018,8,12,10,2018-08-12
2592,2018,8,13,19,2018-08-13
2593,2018,8,14,21,2018-08-14
2594,2018,8,15,17,2018-08-15
2595,2018,8,16,11,2018-08-16
2596,2018,8,17,12,2018-08-17
2597,2018,8,18,22,2018-08-18
2598,2018,8,19,20,2018-08-19
2599,2018,8,20,11,2018-08-20
2600,2018,8,21,21,2018-08-21
2601,2018,8,22,17,2018-08-22
2602,2018,8,23,15,2018-08-23
2603,2018,8,24,17,2018-08-24
2604,2018,8,25,13,2018-08-25
2605,2018,8,26,16,2018-08-26
2606,2018,8,27,22,2018-08-27
2607,2018,8,28,14,2018-08-28
2608,2018,8,29,12,2018-08-29
2609,2018,8,30,17,2018-08-30
2610,2018,8,31,7,2018-08-31
2611,2018,9,1,10,2018-09-01
2612,2018,9,2,12,2018-09-02
2613,2018,9,3,19,2018-09-03
2614,2018,9,4,18,2018-09-04
2615,2018,9,5,11,2018-09-05
2616,2018,9,6,16,2018-09-06
2617,2018,9,7,21,2018-09-07
2618,2018,9,8,13,2018-09-08
2619,2018,9,9,9,2018-09-09
2620,2018,9,10,18,2018-09-10
2621,2018,9,11,9,2018-09-11
2622,2018,9,12,13,2018-09-12
2623,2018,9,13,7,2018-09-13
2624,2018,9,14,10,2018-09-14
2625,2018,9,15,12,2018-09-15
2626,2018,9,16,14,2018-09-16
2627,2018,9,17,7,2018-09-17
2628,2018,9,18,10,2018-09-18
2629,2018,9,19,8,2018-09-19
2630,2018,9,20,11,2018-09-20
2631,2018,9,21,1,2018-09-21
2632,2018,9,22,11,2018-09-22
2633,2018,9,23,15,2018-09-23
2634,2018,9,24,14,2018-09-24
2635,2018,9,25,12,2018-09-25
2636,2018,9,26,5,2018-09-26
2637,2018,9,27,14,2018-09-27
2638,2018,9,28,5,2018-09-28
2639,2018,9,29,9,2018-09-29
2640,2018,9,30,15,2018-09-30
2641,2018,10,1,12,2018-10-01
2642,2018,10,2,14,2018-10-02
2643,2018,10,3,13,2018-10-03
2644,2018,10,4,4,2018-10-04
2645,2018,10,5,11,2018-10-05
2646,2018,10,6,10,2018-10-06
2647,2018,10,7,5,2018-10-07
2648,2018,10,8,9,2018-10-08
2649,2018,10,9,11,2018-10-09
2650,2018,10,10,12,2018-10-10
2651,2018,10,11,12,2018-10-11
2652,2018,10,12,7,2018-10-12
2653,2018,10,13,8,2018-10-13
2654,2018,10,14,12,2018-10-14
2655,2018,10,15,17,2018-10-15
2656,2018,10,16,4,2018-10-16
2657,2018,10,17,4,2018-10-17
2658,2018,10,18,5,2018-10-18
2659,2018,10,19,7,2018-10-19
2660,2018,10,20,8,2018-10-20
2661,2018,10,21,6,2018-10-21
2662,2018,10,22,11,2018-10-22
2663,2018,10,23,17,2018-10-23
2664,2018,10,24,6,2018-10-24
2665,2018,10,25,3,2018-10-25
2666,2018,10,26,2,2018-10-26
2667,2018,10,27,2,2018-10-27
2668,2018,10,28,8,2018-10-28
2669,2018,10,29,8,2018-10-29
2670,2018,10,30,2,2018-10-30
2671,2018,10,31,6,2018-10-31
2672,2018,11,1,10,2018-11-01
2673,2018,11,2,5,2018-11-02
2674,2018,11,3,8,2018-11-03
2675,2018,11,4,3,2018-11-04
2676,2018,11,5,2,2018-11-05
2677,2018,11,6,8,2018-11-06
2678,2018,11,7,11,2018-11-07
2679,2018,11,8,11,2018-11-08
2680,2018,11,9,9,2018-11-09
2681,2018,11,10,7,2018-11-10
2682,2018,11,11,6,2018-11-11
2683,2018,11,12,2,2018-11-12
2684,2018,11,13,2,2018-11-13
2685,2018,11,14,11,2018-11-14
2686,2018,11,15,6,2018-11-15
2687,2018,11,16,8,2018-11-16
2688,2018,11,17,5,2018-11-17
2689,2018,11,18,10,2018-11-18
2690,2018,11,19,4,2018-11-19
2691,2018,11,20,7,2018-11-20
2692,2018,11,21,2,2018-11-21
2693,2018,11,22,4,2018-11-22
2694,2018,11,23,8,2018-11-23
2695,2018,11,24,15,2018-11-24
2696,2018,11,25,12,2018-11-25
2697,2018,11,26,16,2018-11-26
2698,2018,11,27,3,2018-11-27
2699,2018,11,28,9,2018-11-28
2700,2018,11,29,8,2018-11-29
2701,2018,11,30,5,2018-11-30
2702,2018,12,1,7,2018-12-01
2703,2018,12,2,1,2018-12-02
