,Year,Month,Day,Count,Data
0,2011,8,30,157,2011-08-30
1,2011,8,31,149,2011-08-31
2,2011,9,1,77,2011-09-01
3,2011,9,2,66,2011-09-02
4,2011,9,3,54,2011-09-03
5,2011,9,4,40,2011-09-04
6,2011,9,5,46,2011-09-05
7,2011,9,6,35,2011-09-06
8,2011,9,7,41,2011-09-07
9,2011,9,8,53,2011-09-08
10,2011,9,9,48,2011-09-09
11,2011,9,10,30,2011-09-10
12,2011,9,11,27,2011-09-11
13,2011,9,12,27,2011-09-12
14,2011,9,13,39,2011-09-13
15,2011,9,14,59,2011-09-14
16,2011,9,15,20,2011-09-15
17,2011,9,16,26,2011-09-16
18,2011,9,17,17,2011-09-17
19,2011,9,18,5,2011-09-18
20,2011,9,19,11,2011-09-19
21,2011,9,20,22,2011-09-20
22,2011,9,21,12,2011-09-21
23,2011,9,22,17,2011-09-22
24,2011,9,23,15,2011-09-23
25,2011,9,24,10,2011-09-24
26,2011,9,25,12,2011-09-25
27,2011,9,26,12,2011-09-26
28,2011,9,27,16,2011-09-27
29,2011,9,28,12,2011-09-28
30,2011,9,29,2,2011-09-29
31,2011,9,30,14,2011-09-30
32,2011,10,1,12,2011-10-01
33,2011,10,2,10,2011-10-02
34,2011,10,3,14,2011-10-03
35,2011,10,4,10,2011-10-04
36,2011,10,5,15,2011-10-05
37,2011,10,6,14,2011-10-06
38,2011,10,7,25,2011-10-07
39,2011,10,8,14,2011-10-08
40,2011,10,9,21,2011-10-09
41,2011,10,10,9,2011-10-10
42,2011,10,11,10,2011-10-11
43,2011,10,12,13,2011-10-12
44,2011,10,13,15,2011-10-13
45,2011,10,14,10,2011-10-14
46,2011,10,15,31,2011-10-15
47,2011,10,16,22,2011-10-16
48,2011,10,17,36,2011-10-17
49,2011,10,18,30,2011-10-18
50,2011,10,19,12,2011-10-19
51,2011,10,20,12,2011-10-20
52,2011,10,21,29,2011-10-21
53,2011,10,22,2,2011-10-22
54,2011,10,23,6,2011-10-23
55,2011,10,24,12,2011-10-24
56,2011,10,25,20,2011-10-25
57,2011,10,26,14,2011-10-26
58,2011,10,27,18,2011-10-27
59,2011,10,28,10,2011-10-28
60,2011,10,29,22,2011-10-29
61,2011,10,30,6,2011-10-30
62,2011,10,31,12,2011-10-31
63,2011,11,1,7,2011-11-01
64,2011,11,2,15,2011-11-02
65,2011,11,3,24,2011-11-03
66,2011,11,4,17,2011-11-04
67,2011,11,5,7,2011-11-05
68,2011,11,6,22,2011-11-06
69,2011,11,7,12,2011-11-07
70,2011,11,8,6,2011-11-08
71,2011,11,9,2,2011-11-09
72,2011,11,10,14,2011-11-10
73,2011,11,11,6,2011-11-11
74,2011,11,12,7,2011-11-12
75,2011,11,13,7,2011-11-13
76,2011,11,14,12,2011-11-14
77,2011,11,15,4,2011-11-15
78,2011,11,16,9,2011-11-16
79,2011,11,17,2,2011-11-17
80,2011,11,18,6,2011-11-18
81,2011,11,19,5,2011-11-19
82,2011,11,20,7,2011-11-20
83,2011,11,21,3,2011-11-21
84,2011,11,22,8,2011-11-22
85,2011,11,23,4,2011-11-23
86,2011,11,24,5,2011-11-24
87,2011,11,25,13,2011-11-25
88,2011,11,26,5,2011-11-26
89,2011,11,27,7,2011-11-27
90,2011,11,29,8,2011-11-29
91,2011,11,30,10,2011-11-30
92,2011,12,1,11,2011-12-01
93,2011,12,2,24,2011-12-02
94,2011,12,4,5,2011-12-04
95,2011,12,5,3,2011-12-05
96,2011,12,6,14,2011-12-06
97,2011,12,7,11,2011-12-07
98,2011,12,8,7,2011-12-08
99,2011,12,9,10,2011-12-09
100,2011,12,10,9,2011-12-10
101,2011,12,11,3,2011-12-11
102,2011,12,12,14,2011-12-12
103,2011,12,13,9,2011-12-13
104,2011,12,14,6,2011-12-14
105,2011,12,15,11,2011-12-15
106,2011,12,16,3,2011-12-16
107,2011,12,17,9,2011-12-17
108,2011,12,18,6,2011-12-18
109,2011,12,19,14,2011-12-19
110,2011,12,20,5,2011-12-20
111,2011,12,21,16,2011-12-21
112,2011,12,23,3,2011-12-23
113,2011,12,24,3,2011-12-24
114,2011,12,26,2,2011-12-26
115,2011,12,27,8,2011-12-27
116,2011,12,28,11,2011-12-28
117,2011,12,29,16,2011-12-29
118,2011,12,30,10,2011-12-30
119,2011,12,31,11,2011-12-31
120,2012,1,1,10,2012-01-01
121,2012,1,2,7,2012-01-02
122,2012,1,3,18,2012-01-03
123,2012,1,4,12,2012-01-04
124,2012,1,5,16,2012-01-05
125,2012,1,6,4,2012-01-06
126,2012,1,7,23,2012-01-07
127,2012,1,8,8,2012-01-08
128,2012,1,9,17,2012-01-09
129,2012,1,10,22,2012-01-10
130,2012,1,11,15,2012-01-11
131,2012,1,12,19,2012-01-12
132,2012,1,13,13,2012-01-13
133,2012,1,14,13,2012-01-14
134,2012,1,15,11,2012-01-15
135,2012,1,16,11,2012-01-16
136,2012,1,17,8,2012-01-17
137,2012,1,18,8,2012-01-18
138,2012,1,19,22,2012-01-19
139,2012,1,20,9,2012-01-20
140,2012,1,21,9,2012-01-21
141,2012,1,22,3,2012-01-22
142,2012,1,23,23,2012-01-23
143,2012,1,24,33,2012-01-24
144,2012,1,25,10,2012-01-25
145,2012,1,26,15,2012-01-26
146,2012,1,27,15,2012-01-27
147,2012,1,28,8,2012-01-28
148,2012,1,29,5,2012-01-29
149,2012,1,30,9,2012-01-30
150,2012,1,31,13,2012-01-31
151,2012,2,1,10,2012-02-01
152,2012,2,2,12,2012-02-02
153,2012,2,3,4,2012-02-03
154,2012,2,4,10,2012-02-04
155,2012,2,5,4,2012-02-05
156,2012,2,6,9,2012-02-06
157,2012,2,7,7,2012-02-07
158,2012,2,8,8,2012-02-08
159,2012,2,9,11,2012-02-09
160,2012,2,10,8,2012-02-10
161,2012,2,11,7,2012-02-11
162,2012,2,12,5,2012-02-12
163,2012,2,13,2,2012-02-13
164,2012,2,14,2,2012-02-14
165,2012,2,15,12,2012-02-15
166,2012,2,16,14,2012-02-16
167,2012,2,17,5,2012-02-17
168,2012,2,18,6,2012-02-18
169,2012,2,19,7,2012-02-19
170,2012,2,20,13,2012-02-20
171,2012,2,21,6,2012-02-21
172,2012,2,22,5,2012-02-22
173,2012,2,23,9,2012-02-23
174,2012,2,24,2,2012-02-24
175,2012,2,25,5,2012-02-25
176,2012,2,26,5,2012-02-26
177,2012,2,27,6,2012-02-27
178,2012,2,28,9,2012-02-28
179,2012,2,29,2,2012-02-29
180,2012,3,1,10,2012-03-01
181,2012,3,2,8,2012-03-02
182,2012,3,3,6,2012-03-03
183,2012,3,4,4,2012-03-04
184,2012,3,5,10,2012-03-05
185,2012,3,6,11,2012-03-06
186,2012,3,7,13,2012-03-07
187,2012,3,8,14,2012-03-08
188,2012,3,9,18,2012-03-09
189,2012,3,10,9,2012-03-10
190,2012,3,11,9,2012-03-11
191,2012,3,13,5,2012-03-13
192,2012,3,15,22,2012-03-15
193,2012,3,16,8,2012-03-16
194,2012,3,17,9,2012-03-17
195,2012,3,18,9,2012-03-18
196,2012,3,19,20,2012-03-19
197,2012,3,20,10,2012-03-20
198,2012,3,21,6,2012-03-21
199,2012,3,22,2,2012-03-22
200,2012,3,23,6,2012-03-23
201,2012,3,24,2,2012-03-24
202,2012,3,25,11,2012-03-25
203,2012,3,26,5,2012-03-26
204,2012,3,27,14,2012-03-27
205,2012,3,28,2,2012-03-28
206,2012,3,29,9,2012-03-29
207,2012,3,30,11,2012-03-30
208,2012,3,31,6,2012-03-31
209,2012,4,1,5,2012-04-01
210,2012,4,2,1,2012-04-02
211,2012,4,3,6,2012-04-03
212,2012,4,4,7,2012-04-04
213,2012,4,5,4,2012-04-05
214,2012,4,6,12,2012-04-06
215,2012,4,7,8,2012-04-07
216,2012,4,8,4,2012-04-08
217,2012,4,9,11,2012-04-09
218,2012,4,10,5,2012-04-10
219,2012,4,11,2,2012-04-11
220,2012,4,12,2,2012-04-12
221,2012,4,13,3,2012-04-13
222,2012,4,14,3,2012-04-14
223,2012,4,15,5,2012-04-15
224,2012,4,16,2,2012-04-16
225,2012,4,17,1,2012-04-17
226,2012,4,18,7,2012-04-18
227,2012,4,19,8,2012-04-19
228,2012,4,20,6,2012-04-20
229,2012,4,21,6,2012-04-21
230,2012,4,22,3,2012-04-22
231,2012,4,23,7,2012-04-23
232,2012,4,24,10,2012-04-24
233,2012,4,25,7,2012-04-25
234,2012,4,26,3,2012-04-26
235,2012,4,27,4,2012-04-27
236,2012,4,28,12,2012-04-28
237,2012,4,29,6,2012-04-29
238,2012,4,30,7,2012-04-30
239,2012,5,1,10,2012-05-01
240,2012,5,2,8,2012-05-02
241,2012,5,3,2,2012-05-03
242,2012,5,4,11,2012-05-04
243,2012,5,5,12,2012-05-05
244,2012,5,6,10,2012-05-06
245,2012,5,7,6,2012-05-07
246,2012,5,8,7,2012-05-08
247,2012,5,9,8,2012-05-09
248,2012,5,10,14,2012-05-10
249,2012,5,11,12,2012-05-11
250,2012,5,12,10,2012-05-12
251,2012,5,13,5,2012-05-13
252,2012,5,14,19,2012-05-14
253,2012,5,15,11,2012-05-15
254,2012,5,16,12,2012-05-16
255,2012,5,17,20,2012-05-17
256,2012,5,18,7,2012-05-18
257,2012,5,19,5,2012-05-19
258,2012,5,20,8,2012-05-20
259,2012,5,21,7,2012-05-21
260,2012,5,22,12,2012-05-22
261,2012,5,23,17,2012-05-23
262,2012,5,24,53,2012-05-24
263,2012,5,25,8,2012-05-25
264,2012,5,26,2,2012-05-26
265,2012,5,27,7,2012-05-27
266,2012,5,28,7,2012-05-28
267,2012,5,29,6,2012-05-29
268,2012,5,30,5,2012-05-30
269,2012,5,31,4,2012-05-31
270,2012,6,1,5,2012-06-01
271,2012,6,2,2,2012-06-02
272,2012,6,3,2,2012-06-03
273,2012,6,4,8,2012-06-04
274,2012,6,5,4,2012-06-05
275,2012,6,6,6,2012-06-06
276,2012,6,7,5,2012-06-07
277,2012,6,8,3,2012-06-08
278,2012,6,10,1,2012-06-10
279,2012,6,11,10,2012-06-11
280,2012,6,12,10,2012-06-12
281,2012,6,13,16,2012-06-13
282,2012,6,14,4,2012-06-14
283,2012,6,15,4,2012-06-15
284,2012,6,16,3,2012-06-16
285,2012,6,17,8,2012-06-17
286,2012,6,18,11,2012-06-18
287,2012,6,19,15,2012-06-19
288,2012,6,20,10,2012-06-20
289,2012,6,21,13,2012-06-21
290,2012,6,22,8,2012-06-22
291,2012,6,23,12,2012-06-23
292,2012,6,24,8,2012-06-24
293,2012,6,25,10,2012-06-25
294,2012,6,26,12,2012-06-26
295,2012,6,27,5,2012-06-27
296,2012,6,28,2,2012-06-28
297,2012,6,29,2,2012-06-29
298,2012,6,30,5,2012-06-30
299,2012,7,2,7,2012-07-02
300,2012,7,3,3,2012-07-03
301,2012,7,4,6,2012-07-04
302,2012,7,5,9,2012-07-05
303,2012,7,6,6,2012-07-06
304,2012,7,7,2,2012-07-07
305,2012,7,8,8,2012-07-08
306,2012,7,9,5,2012-07-09
307,2012,7,10,7,2012-07-10
308,2012,7,11,7,2012-07-11
309,2012,7,12,12,2012-07-12
310,2012,7,13,2,2012-07-13
311,2012,7,14,6,2012-07-14
312,2012,7,15,7,2012-07-15
313,2012,7,16,3,2012-07-16
314,2012,7,17,1,2012-07-17
315,2012,7,18,12,2012-07-18
316,2012,7,19,14,2012-07-19
317,2012,7,20,13,2012-07-20
318,2012,7,21,7,2012-07-21
319,2012,7,22,6,2012-07-22
320,2012,7,23,3,2012-07-23
321,2012,7,24,13,2012-07-24
322,2012,7,25,6,2012-07-25
323,2012,7,26,3,2012-07-26
324,2012,7,27,8,2012-07-27
325,2012,7,28,7,2012-07-28
326,2012,7,29,12,2012-07-29
327,2012,7,30,12,2012-07-30
328,2012,7,31,8,2012-07-31
329,2012,8,1,5,2012-08-01
330,2012,8,2,3,2012-08-02
331,2012,8,3,6,2012-08-03
332,2012,8,4,14,2012-08-04
333,2012,8,5,5,2012-08-05
334,2012,8,6,7,2012-08-06
335,2012,8,7,4,2012-08-07
336,2012,8,8,8,2012-08-08
337,2012,8,9,9,2012-08-09
338,2012,8,10,7,2012-08-10
339,2012,8,11,4,2012-08-11
340,2012,8,12,5,2012-08-12
341,2012,8,13,13,2012-08-13
342,2012,8,14,7,2012-08-14
343,2012,8,15,10,2012-08-15
344,2012,8,16,14,2012-08-16
345,2012,8,17,11,2012-08-17
346,2012,8,18,5,2012-08-18
347,2012,8,19,7,2012-08-19
348,2012,8,20,14,2012-08-20
349,2012,8,21,16,2012-08-21
350,2012,8,22,8,2012-08-22
351,2012,8,23,11,2012-08-23
352,2012,8,24,14,2012-08-24
353,2012,8,25,3,2012-08-25
354,2012,8,26,4,2012-08-26
355,2012,8,27,12,2012-08-27
356,2012,8,28,9,2012-08-28
357,2012,8,29,1,2012-08-29
358,2012,8,30,12,2012-08-30
359,2012,8,31,3,2012-08-31
360,2012,9,1,11,2012-09-01
361,2012,9,2,4,2012-09-02
362,2012,9,4,8,2012-09-04
363,2012,9,5,9,2012-09-05
364,2012,9,6,4,2012-09-06
365,2012,9,7,3,2012-09-07
366,2012,9,8,2,2012-09-08
367,2012,9,9,10,2012-09-09
368,2012,9,10,9,2012-09-10
369,2012,9,11,2,2012-09-11
370,2012,9,12,9,2012-09-12
371,2012,9,13,5,2012-09-13
372,2012,9,14,14,2012-09-14
373,2012,9,15,9,2012-09-15
374,2012,9,16,9,2012-09-16
375,2012,9,17,22,2012-09-17
376,2012,9,18,12,2012-09-18
377,2012,9,19,14,2012-09-19
378,2012,9,20,9,2012-09-20
379,2012,9,21,7,2012-09-21
380,2012,9,22,13,2012-09-22
381,2012,9,23,6,2012-09-23
382,2012,9,24,14,2012-09-24
383,2012,9,25,4,2012-09-25
384,2012,9,26,5,2012-09-26
385,2012,9,27,15,2012-09-27
386,2012,9,28,17,2012-09-28
387,2012,9,29,13,2012-09-29
388,2012,9,30,12,2012-09-30
389,2012,10,1,17,2012-10-01
390,2012,10,2,16,2012-10-02
391,2012,10,3,24,2012-10-03
392,2012,10,4,8,2012-10-04
393,2012,10,5,10,2012-10-05
394,2012,10,6,13,2012-10-06
395,2012,10,7,8,2012-10-07
396,2012,10,8,10,2012-10-08
397,2012,10,9,7,2012-10-09
398,2012,10,10,8,2012-10-10
399,2012,10,11,7,2012-10-11
400,2012,10,12,3,2012-10-12
401,2012,10,13,4,2012-10-13
402,2012,10,14,6,2012-10-14
403,2012,10,15,8,2012-10-15
404,2012,10,16,4,2012-10-16
405,2012,10,17,13,2012-10-17
406,2012,10,18,16,2012-10-18
407,2012,10,19,7,2012-10-19
408,2012,10,20,6,2012-10-20
409,2012,10,21,10,2012-10-21
410,2012,10,22,3,2012-10-22
411,2012,10,23,6,2012-10-23
412,2012,10,24,19,2012-10-24
413,2012,10,25,6,2012-10-25
414,2012,10,26,5,2012-10-26
415,2012,10,27,16,2012-10-27
416,2012,10,28,8,2012-10-28
417,2012,10,29,4,2012-10-29
418,2012,10,30,9,2012-10-30
419,2012,10,31,13,2012-10-31
420,2012,11,1,3,2012-11-01
421,2012,11,2,3,2012-11-02
422,2012,11,3,6,2012-11-03
423,2012,11,4,4,2012-11-04
424,2012,11,5,3,2012-11-05
425,2012,11,6,9,2012-11-06
426,2012,11,7,7,2012-11-07
427,2012,11,8,5,2012-11-08
428,2012,11,9,12,2012-11-09
429,2012,11,10,8,2012-11-10
430,2012,11,11,8,2012-11-11
431,2012,11,12,6,2012-11-12
432,2012,11,13,12,2012-11-13
433,2012,11,14,8,2012-11-14
434,2012,11,15,15,2012-11-15
435,2012,11,16,4,2012-11-16
436,2012,11,17,3,2012-11-17
437,2012,11,18,8,2012-11-18
438,2012,11,19,17,2012-11-19
439,2012,11,20,10,2012-11-20
440,2012,11,21,8,2012-11-21
441,2012,11,22,16,2012-11-22
442,2012,11,23,9,2012-11-23
443,2012,11,24,13,2012-11-24
444,2012,11,25,16,2012-11-25
445,2012,11,26,12,2012-11-26
446,2012,11,27,11,2012-11-27
447,2012,11,28,8,2012-11-28
448,2012,11,29,9,2012-11-29
449,2012,11,30,9,2012-11-30
450,2012,12,1,3,2012-12-01
451,2012,12,2,12,2012-12-02
452,2012,12,3,6,2012-12-03
453,2012,12,4,16,2012-12-04
454,2012,12,5,13,2012-12-05
455,2012,12,6,15,2012-12-06
456,2012,12,7,25,2012-12-07
457,2012,12,8,11,2012-12-08
458,2012,12,9,19,2012-12-09
459,2012,12,10,16,2012-12-10
460,2012,12,11,20,2012-12-11
461,2012,12,12,28,2012-12-12
462,2012,12,13,10,2012-12-13
463,2012,12,14,15,2012-12-14
464,2012,12,15,8,2012-12-15
465,2012,12,16,15,2012-12-16
466,2012,12,17,10,2012-12-17
467,2012,12,18,19,2012-12-18
468,2012,12,19,22,2012-12-19
469,2012,12,20,18,2012-12-20
470,2012,12,21,2,2012-12-21
471,2012,12,22,15,2012-12-22
472,2012,12,23,6,2012-12-23
473,2012,12,24,5,2012-12-24
474,2012,12,25,4,2012-12-25
475,2012,12,26,3,2012-12-26
476,2012,12,27,2,2012-12-27
477,2012,12,28,3,2012-12-28
478,2012,12,29,1,2012-12-29
479,2012,12,30,2,2012-12-30
480,2012,12,31,18,2012-12-31
481,2013,1,1,4,2013-01-01
482,2013,1,2,4,2013-01-02
483,2013,1,3,16,2013-01-03
484,2013,1,4,13,2013-01-04
485,2013,1,5,11,2013-01-05
486,2013,1,6,22,2013-01-06
487,2013,1,7,13,2013-01-07
488,2013,1,8,12,2013-01-08
489,2013,1,9,9,2013-01-09
490,2013,1,10,9,2013-01-10
491,2013,1,11,11,2013-01-11
492,2013,1,12,18,2013-01-12
493,2013,1,13,8,2013-01-13
494,2013,1,14,7,2013-01-14
495,2013,1,15,5,2013-01-15
496,2013,1,16,9,2013-01-16
497,2013,1,17,3,2013-01-17
498,2013,1,18,7,2013-01-18
499,2013,1,19,7,2013-01-19
500,2013,1,20,5,2013-01-20
501,2013,1,21,7,2013-01-21
502,2013,1,22,7,2013-01-22
503,2013,1,23,9,2013-01-23
504,2013,1,24,18,2013-01-24
505,2013,1,25,14,2013-01-25
506,2013,1,26,20,2013-01-26
507,2013,1,27,18,2013-01-27
508,2013,1,28,15,2013-01-28
509,2013,1,29,3,2013-01-29
510,2013,1,30,23,2013-01-30
511,2013,1,31,23,2013-01-31
512,2013,2,1,26,2013-02-01
513,2013,2,2,10,2013-02-02
514,2013,2,3,4,2013-02-03
515,2013,2,4,11,2013-02-04
516,2013,2,5,7,2013-02-05
517,2013,2,6,16,2013-02-06
518,2013,2,7,13,2013-02-07
519,2013,2,8,15,2013-02-08
520,2013,2,9,11,2013-02-09
521,2013,2,10,13,2013-02-10
522,2013,2,11,32,2013-02-11
523,2013,2,12,27,2013-02-12
524,2013,2,13,37,2013-02-13
525,2013,2,14,23,2013-02-14
526,2013,2,15,30,2013-02-15
527,2013,2,16,26,2013-02-16
528,2013,2,17,10,2013-02-17
529,2013,2,18,12,2013-02-18
530,2013,2,19,9,2013-02-19
531,2013,2,20,16,2013-02-20
532,2013,2,21,33,2013-02-21
533,2013,2,22,13,2013-02-22
534,2013,2,23,20,2013-02-23
535,2013,2,24,30,2013-02-24
536,2013,2,25,29,2013-02-25
537,2013,2,26,27,2013-02-26
538,2013,2,27,21,2013-02-27
539,2013,2,28,27,2013-02-28
540,2013,3,1,17,2013-03-01
541,2013,3,2,13,2013-03-02
542,2013,3,3,17,2013-03-03
543,2013,3,4,36,2013-03-04
544,2013,3,5,28,2013-03-05
545,2013,3,6,25,2013-03-06
546,2013,3,7,35,2013-03-07
547,2013,3,8,15,2013-03-08
548,2013,3,9,18,2013-03-09
549,2013,3,10,11,2013-03-10
550,2013,3,11,14,2013-03-11
551,2013,3,12,28,2013-03-12
552,2013,3,13,29,2013-03-13
553,2013,3,14,15,2013-03-14
554,2013,3,15,16,2013-03-15
555,2013,3,16,11,2013-03-16
556,2013,3,17,12,2013-03-17
557,2013,3,18,30,2013-03-18
558,2013,3,19,21,2013-03-19
559,2013,3,20,23,2013-03-20
560,2013,3,21,24,2013-03-21
561,2013,3,22,39,2013-03-22
562,2013,3,23,30,2013-03-23
563,2013,3,24,7,2013-03-24
564,2013,3,25,17,2013-03-25
565,2013,3,26,37,2013-03-26
566,2013,3,27,26,2013-03-27
567,2013,3,28,44,2013-03-28
568,2013,3,29,14,2013-03-29
569,2013,3,30,21,2013-03-30
570,2013,3,31,23,2013-03-31
571,2013,4,1,31,2013-04-01
572,2013,4,2,43,2013-04-02
573,2013,4,3,68,2013-04-03
574,2013,4,4,42,2013-04-04
575,2013,4,5,71,2013-04-05
576,2013,4,6,32,2013-04-06
577,2013,4,7,47,2013-04-07
578,2013,4,8,34,2013-04-08
579,2013,4,9,60,2013-04-09
580,2013,4,10,76,2013-04-10
581,2013,4,11,55,2013-04-11
582,2013,4,12,49,2013-04-12
583,2013,4,13,55,2013-04-13
584,2013,4,14,44,2013-04-14
585,2013,4,15,39,2013-04-15
586,2013,4,16,44,2013-04-16
587,2013,4,17,38,2013-04-17
588,2013,4,18,40,2013-04-18
589,2013,4,19,37,2013-04-19
590,2013,4,20,27,2013-04-20
591,2013,4,21,24,2013-04-21
592,2013,4,22,25,2013-04-22
593,2013,4,23,26,2013-04-23
594,2013,4,24,45,2013-04-24
595,2013,4,25,31,2013-04-25
596,2013,4,26,52,2013-04-26
597,2013,4,27,28,2013-04-27
598,2013,4,28,28,2013-04-28
599,2013,4,29,35,2013-04-29
600,2013,4,30,35,2013-04-30
601,2013,5,1,36,2013-05-01
602,2013,5,2,52,2013-05-02
603,2013,5,3,24,2013-05-03
604,2013,5,4,19,2013-05-04
605,2013,5,5,15,2013-05-05
606,2013,5,6,28,2013-05-06
607,2013,5,7,33,2013-05-07
608,2013,5,8,29,2013-05-08
609,2013,5,9,34,2013-05-09
610,2013,5,10,31,2013-05-10
611,2013,5,11,19,2013-05-11
612,2013,5,12,23,2013-05-12
613,2013,5,13,31,2013-05-13
614,2013,5,14,39,2013-05-14
615,2013,5,15,19,2013-05-15
616,2013,5,16,28,2013-05-16
617,2013,5,17,17,2013-05-17
618,2013,5,18,22,2013-05-18
619,2013,5,19,12,2013-05-19
620,2013,5,20,20,2013-05-20
621,2013,5,21,26,2013-05-21
622,2013,5,22,16,2013-05-22
623,2013,5,23,22,2013-05-23
624,2013,5,24,33,2013-05-24
625,2013,5,25,18,2013-05-25
626,2013,5,26,16,2013-05-26
627,2013,5,27,16,2013-05-27
628,2013,5,28,37,2013-05-28
629,2013,5,29,34,2013-05-29
630,2013,5,30,29,2013-05-30
631,2013,5,31,16,2013-05-31
632,2013,6,1,15,2013-06-01
633,2013,6,2,13,2013-06-02
634,2013,6,3,12,2013-06-03
635,2013,6,4,25,2013-06-04
636,2013,6,5,18,2013-06-05
637,2013,6,6,11,2013-06-06
638,2013,6,7,13,2013-06-07
639,2013,6,8,17,2013-06-08
640,2013,6,9,8,2013-06-09
641,2013,6,10,14,2013-06-10
642,2013,6,11,16,2013-06-11
643,2013,6,12,10,2013-06-12
644,2013,6,13,14,2013-06-13
645,2013,6,14,16,2013-06-14
646,2013,6,15,8,2013-06-15
647,2013,6,16,10,2013-06-16
648,2013,6,17,18,2013-06-17
649,2013,6,18,24,2013-06-18
650,2013,6,19,13,2013-06-19
651,2013,6,20,18,2013-06-20
652,2013,6,21,8,2013-06-21
653,2013,6,22,10,2013-06-22
654,2013,6,23,16,2013-06-23
655,2013,6,24,21,2013-06-24
656,2013,6,25,15,2013-06-25
657,2013,6,26,13,2013-06-26
658,2013,6,27,10,2013-06-27
659,2013,6,28,8,2013-06-28
660,2013,6,29,22,2013-06-29
661,2013,6,30,10,2013-06-30
662,2013,7,1,14,2013-07-01
663,2013,7,2,12,2013-07-02
664,2013,7,3,17,2013-07-03
665,2013,7,4,14,2013-07-04
666,2013,7,5,13,2013-07-05
667,2013,7,6,14,2013-07-06
668,2013,7,7,14,2013-07-07
669,2013,7,8,15,2013-07-08
670,2013,7,9,26,2013-07-09
671,2013,7,10,11,2013-07-10
672,2013,7,11,18,2013-07-11
673,2013,7,12,17,2013-07-12
674,2013,7,13,6,2013-07-13
675,2013,7,14,12,2013-07-14
676,2013,7,15,8,2013-07-15
677,2013,7,16,20,2013-07-16
678,2013,7,17,13,2013-07-17
679,2013,7,18,11,2013-07-18
680,2013,7,19,12,2013-07-19
681,2013,7,20,4,2013-07-20
682,2013,7,21,12,2013-07-21
683,2013,7,22,10,2013-07-22
684,2013,7,23,10,2013-07-23
685,2013,7,24,3,2013-07-24
686,2013,7,25,18,2013-07-25
687,2013,7,26,9,2013-07-26
688,2013,7,27,3,2013-07-27
689,2013,7,28,12,2013-07-28
690,2013,7,29,12,2013-07-29
691,2013,7,30,10,2013-07-30
692,2013,7,31,23,2013-07-31
693,2013,8,1,28,2013-08-01
694,2013,8,2,9,2013-08-02
695,2013,8,3,14,2013-08-03
696,2013,8,4,11,2013-08-04
697,2013,8,5,16,2013-08-05
698,2013,8,6,11,2013-08-06
699,2013,8,7,9,2013-08-07
700,2013,8,8,9,2013-08-08
701,2013,8,9,7,2013-08-09
702,2013,8,10,5,2013-08-10
703,2013,8,11,4,2013-08-11
704,2013,8,12,12,2013-08-12
705,2013,8,13,8,2013-08-13
706,2013,8,14,12,2013-08-14
707,2013,8,15,26,2013-08-15
708,2013,8,16,16,2013-08-16
709,2013,8,17,7,2013-08-17
710,2013,8,18,10,2013-08-18
711,2013,8,19,30,2013-08-19
712,2013,8,20,26,2013-08-20
713,2013,8,21,31,2013-08-21
714,2013,8,22,24,2013-08-22
715,2013,8,23,20,2013-08-23
716,2013,8,24,11,2013-08-24
717,2013,8,25,12,2013-08-25
718,2013,8,26,12,2013-08-26
719,2013,8,27,34,2013-08-27
720,2013,8,28,17,2013-08-28
721,2013,8,29,14,2013-08-29
722,2013,8,30,16,2013-08-30
723,2013,8,31,14,2013-08-31
724,2013,9,1,11,2013-09-01
725,2013,9,2,14,2013-09-02
726,2013,9,3,11,2013-09-03
727,2013,9,4,14,2013-09-04
728,2013,9,5,11,2013-09-05
729,2013,9,6,16,2013-09-06
730,2013,9,7,17,2013-09-07
731,2013,9,8,5,2013-09-08
732,2013,9,9,16,2013-09-09
733,2013,9,10,26,2013-09-10
734,2013,9,11,17,2013-09-11
735,2013,9,12,12,2013-09-12
736,2013,9,13,18,2013-09-13
737,2013,9,14,10,2013-09-14
738,2013,9,15,7,2013-09-15
739,2013,9,16,20,2013-09-16
740,2013,9,17,20,2013-09-17
741,2013,9,18,14,2013-09-18
742,2013,9,19,12,2013-09-19
743,2013,9,20,9,2013-09-20
744,2013,9,21,9,2013-09-21
745,2013,9,22,4,2013-09-22
746,2013,9,23,5,2013-09-23
747,2013,9,24,14,2013-09-24
748,2013,9,25,10,2013-09-25
749,2013,9,26,13,2013-09-26
750,2013,9,27,4,2013-09-27
751,2013,9,28,11,2013-09-28
752,2013,9,29,9,2013-09-29
753,2013,9,30,8,2013-09-30
754,2013,10,1,8,2013-10-01
755,2013,10,2,11,2013-10-02
756,2013,10,3,20,2013-10-03
757,2013,10,4,11,2013-10-04
758,2013,10,5,12,2013-10-05
759,2013,10,6,15,2013-10-06
760,2013,10,7,9,2013-10-07
761,2013,10,8,16,2013-10-08
762,2013,10,9,12,2013-10-09
763,2013,10,10,21,2013-10-10
764,2013,10,11,20,2013-10-11
765,2013,10,12,10,2013-10-12
766,2013,10,13,18,2013-10-13
767,2013,10,14,15,2013-10-14
768,2013,10,15,19,2013-10-15
769,2013,10,16,27,2013-10-16
770,2013,10,17,20,2013-10-17
771,2013,10,18,30,2013-10-18
772,2013,10,19,10,2013-10-19
773,2013,10,20,27,2013-10-20
774,2013,10,21,38,2013-10-21
775,2013,10,22,24,2013-10-22
776,2013,10,23,20,2013-10-23
777,2013,10,24,24,2013-10-24
778,2013,10,25,17,2013-10-25
779,2013,10,26,14,2013-10-26
780,2013,10,27,17,2013-10-27
781,2013,10,28,16,2013-10-28
782,2013,10,29,12,2013-10-29
783,2013,10,30,27,2013-10-30
784,2013,10,31,22,2013-10-31
785,2013,11,1,14,2013-11-01
786,2013,11,2,14,2013-11-02
787,2013,11,3,12,2013-11-03
788,2013,11,4,28,2013-11-04
789,2013,11,5,19,2013-11-05
790,2013,11,6,22,2013-11-06
791,2013,11,7,26,2013-11-07
792,2013,11,8,21,2013-11-08
793,2013,11,9,36,2013-11-09
794,2013,11,10,23,2013-11-10
795,2013,11,11,24,2013-11-11
796,2013,11,12,43,2013-11-12
797,2013,11,13,38,2013-11-13
798,2013,11,14,28,2013-11-14
799,2013,11,15,21,2013-11-15
800,2013,11,16,29,2013-11-16
801,2013,11,17,34,2013-11-17
802,2013,11,18,37,2013-11-18
803,2013,11,19,34,2013-11-19
804,2013,11,20,46,2013-11-20
805,2013,11,21,52,2013-11-21
806,2013,11,22,53,2013-11-22
807,2013,11,23,42,2013-11-23
808,2013,11,24,38,2013-11-24
809,2013,11,25,42,2013-11-25
810,2013,11,26,53,2013-11-26
811,2013,11,27,45,2013-11-27
812,2013,11,28,42,2013-11-28
813,2013,11,29,39,2013-11-29
814,2013,11,30,39,2013-11-30
815,2013,12,1,54,2013-12-01
816,2013,12,2,86,2013-12-02
817,2013,12,3,80,2013-12-03
818,2013,12,4,79,2013-12-04
819,2013,12,5,65,2013-12-05
820,2013,12,6,79,2013-12-06
821,2013,12,7,71,2013-12-07
822,2013,12,8,55,2013-12-08
823,2013,12,9,62,2013-12-09
824,2013,12,10,47,2013-12-10
825,2013,12,11,62,2013-12-11
826,2013,12,12,56,2013-12-12
827,2013,12,13,50,2013-12-13
828,2013,12,14,47,2013-12-14
829,2013,12,15,50,2013-12-15
830,2013,12,16,60,2013-12-16
831,2013,12,17,39,2013-12-17
832,2013,12,18,44,2013-12-18
833,2013,12,19,47,2013-12-19
834,2013,12,20,43,2013-12-20
835,2013,12,21,39,2013-12-21
836,2013,12,22,31,2013-12-22
837,2013,12,23,38,2013-12-23
838,2013,12,24,46,2013-12-24
839,2013,12,25,30,2013-12-25
840,2013,12,26,48,2013-12-26
841,2013,12,27,37,2013-12-27
842,2013,12,28,31,2013-12-28
843,2013,12,29,40,2013-12-29
844,2013,12,30,44,2013-12-30
845,2013,12,31,26,2013-12-31
846,2014,1,1,29,2014-01-01
847,2014,1,2,32,2014-01-02
848,2014,1,3,44,2014-01-03
849,2014,1,4,31,2014-01-04
850,2014,1,5,60,2014-01-05
851,2014,1,6,59,2014-01-06
852,2014,1,7,57,2014-01-07
853,2014,1,8,59,2014-01-08
854,2014,1,9,39,2014-01-09
855,2014,1,10,48,2014-01-10
856,2014,1,11,55,2014-01-11
857,2014,1,12,53,2014-01-12
858,2014,1,13,48,2014-01-13
859,2014,1,14,42,2014-01-14
860,2014,1,15,38,2014-01-15
861,2014,1,16,44,2014-01-16
862,2014,1,17,25,2014-01-17
863,2014,1,18,21,2014-01-18
864,2014,1,19,35,2014-01-19
865,2014,1,20,47,2014-01-20
866,2014,1,21,38,2014-01-21
867,2014,1,22,41,2014-01-22
868,2014,1,23,51,2014-01-23
869,2014,1,24,59,2014-01-24
870,2014,1,25,36,2014-01-25
871,2014,1,26,28,2014-01-26
872,2014,1,27,41,2014-01-27
873,2014,1,28,39,2014-01-28
874,2014,1,29,48,2014-01-29
875,2014,1,30,38,2014-01-30
876,2014,1,31,43,2014-01-31
877,2014,2,1,22,2014-02-01
878,2014,2,2,34,2014-02-02
879,2014,2,3,50,2014-02-03
880,2014,2,4,45,2014-02-04
881,2014,2,5,26,2014-02-05
882,2014,2,6,34,2014-02-06
883,2014,2,7,37,2014-02-07
884,2014,2,8,30,2014-02-08
885,2014,2,9,37,2014-02-09
886,2014,2,10,53,2014-02-10
887,2014,2,11,36,2014-02-11
888,2014,2,12,44,2014-02-12
889,2014,2,13,37,2014-02-13
890,2014,2,14,31,2014-02-14
891,2014,2,15,43,2014-02-15
892,2014,2,16,33,2014-02-16
893,2014,2,17,47,2014-02-17
894,2014,2,18,52,2014-02-18
895,2014,2,19,28,2014-02-19
896,2014,2,20,32,2014-02-20
897,2014,2,21,14,2014-02-21
898,2014,2,22,25,2014-02-22
899,2014,2,23,31,2014-02-23
900,2014,2,24,37,2014-02-24
901,2014,2,25,45,2014-02-25
902,2014,2,26,29,2014-02-26
903,2014,2,27,46,2014-02-27
904,2014,2,28,47,2014-02-28
905,2014,3,1,27,2014-03-01
906,2014,3,2,35,2014-03-02
907,2014,3,3,42,2014-03-03
908,2014,3,4,44,2014-03-04
909,2014,3,5,40,2014-03-05
910,2014,3,6,41,2014-03-06
911,2014,3,7,30,2014-03-07
912,2014,3,8,27,2014-03-08
913,2014,3,9,47,2014-03-09
914,2014,3,10,25,2014-03-10
915,2014,3,11,36,2014-03-11
916,2014,3,12,49,2014-03-12
917,2014,3,13,29,2014-03-13
918,2014,3,14,34,2014-03-14
919,2014,3,15,20,2014-03-15
920,2014,3,16,25,2014-03-16
921,2014,3,17,27,2014-03-17
922,2014,3,18,25,2014-03-18
923,2014,3,19,26,2014-03-19
924,2014,3,20,23,2014-03-20
925,2014,3,21,35,2014-03-21
926,2014,3,22,27,2014-03-22
927,2014,3,23,21,2014-03-23
928,2014,3,24,24,2014-03-24
929,2014,3,25,34,2014-03-25
930,2014,3,26,18,2014-03-26
931,2014,3,27,48,2014-03-27
932,2014,3,28,18,2014-03-28
933,2014,3,29,20,2014-03-29
934,2014,3,30,13,2014-03-30
935,2014,3,31,23,2014-03-31
936,2014,4,1,28,2014-04-01
937,2014,4,2,29,2014-04-02
938,2014,4,3,36,2014-04-03
939,2014,4,4,29,2014-04-04
940,2014,4,5,8,2014-04-05
941,2014,4,6,21,2014-04-06
942,2014,4,7,16,2014-04-07
943,2014,4,8,27,2014-04-08
944,2014,4,9,13,2014-04-09
945,2014,4,10,27,2014-04-10
946,2014,4,11,18,2014-04-11
947,2014,4,12,19,2014-04-12
948,2014,4,13,32,2014-04-13
949,2014,4,14,15,2014-04-14
950,2014,4,15,14,2014-04-15
951,2014,4,16,21,2014-04-16
952,2014,4,17,15,2014-04-17
953,2014,4,18,16,2014-04-18
954,2014,4,19,13,2014-04-19
955,2014,4,20,16,2014-04-20
956,2014,4,21,14,2014-04-21
957,2014,4,22,29,2014-04-22
958,2014,4,23,36,2014-04-23
959,2014,4,24,21,2014-04-24
960,2014,4,25,15,2014-04-25
961,2014,4,26,13,2014-04-26
962,2014,4,27,13,2014-04-27
963,2014,4,28,15,2014-04-28
964,2014,4,29,24,2014-04-29
965,2014,4,30,21,2014-04-30
966,2014,5,1,12,2014-05-01
967,2014,5,2,18,2014-05-02
968,2014,5,3,8,2014-05-03
969,2014,5,4,7,2014-05-04
970,2014,5,5,20,2014-05-05
971,2014,5,6,17,2014-05-06
972,2014,5,7,19,2014-05-07
973,2014,5,8,16,2014-05-08
974,2014,5,9,31,2014-05-09
975,2014,5,10,10,2014-05-10
976,2014,5,11,10,2014-05-11
977,2014,5,12,27,2014-05-12
978,2014,5,13,13,2014-05-13
979,2014,5,14,26,2014-05-14
980,2014,5,15,21,2014-05-15
981,2014,5,16,12,2014-05-16
982,2014,5,17,17,2014-05-17
983,2014,5,18,16,2014-05-18
984,2014,5,19,12,2014-05-19
985,2014,5,20,8,2014-05-20
986,2014,5,21,28,2014-05-21
987,2014,5,22,18,2014-05-22
988,2014,5,23,28,2014-05-23
989,2014,5,24,15,2014-05-24
990,2014,5,25,15,2014-05-25
991,2014,5,26,13,2014-05-26
992,2014,5,27,21,2014-05-27
993,2014,5,28,13,2014-05-28
994,2014,5,29,11,2014-05-29
995,2014,5,30,6,2014-05-30
996,2014,5,31,4,2014-05-31
997,2014,6,1,7,2014-06-01
998,2014,6,2,16,2014-06-02
999,2014,6,3,11,2014-06-03
1000,2014,6,4,16,2014-06-04
1001,2014,6,5,11,2014-06-05
1002,2014,6,6,20,2014-06-06
1003,2014,6,7,17,2014-06-07
1004,2014,6,8,17,2014-06-08
1005,2014,6,9,19,2014-06-09
1006,2014,6,10,16,2014-06-10
1007,2014,6,11,12,2014-06-11
1008,2014,6,12,20,2014-06-12
1009,2014,6,13,11,2014-06-13
1010,2014,6,14,7,2014-06-14
1011,2014,6,15,17,2014-06-15
1012,2014,6,16,14,2014-06-16
1013,2014,6,17,14,2014-06-17
1014,2014,6,18,8,2014-06-18
1015,2014,6,19,9,2014-06-19
1016,2014,6,20,10,2014-06-20
1017,2014,6,21,7,2014-06-21
1018,2014,6,22,16,2014-06-22
1019,2014,6,23,16,2014-06-23
1020,2014,6,24,12,2014-06-24
1021,2014,6,25,13,2014-06-25
1022,2014,6,26,17,2014-06-26
1023,2014,6,27,8,2014-06-27
1024,2014,6,28,17,2014-06-28
1025,2014,6,29,9,2014-06-29
1026,2014,6,30,21,2014-06-30
1027,2014,7,1,20,2014-07-01
1028,2014,7,2,17,2014-07-02
1029,2014,7,3,15,2014-07-03
1030,2014,7,4,5,2014-07-04
1031,2014,7,5,14,2014-07-05
1032,2014,7,7,15,2014-07-07
1033,2014,7,8,31,2014-07-08
1034,2014,7,9,28,2014-07-09
1035,2014,7,10,12,2014-07-10
1036,2014,7,11,7,2014-07-11
1037,2014,7,12,12,2014-07-12
1038,2014,7,13,7,2014-07-13
1039,2014,7,14,20,2014-07-14
1040,2014,7,15,22,2014-07-15
1041,2014,7,16,10,2014-07-16
1042,2014,7,17,25,2014-07-17
1043,2014,7,18,21,2014-07-18
1044,2014,7,19,17,2014-07-19
1045,2014,7,20,5,2014-07-20
1046,2014,7,21,11,2014-07-21
1047,2014,7,22,24,2014-07-22
1048,2014,7,23,10,2014-07-23
1049,2014,7,24,14,2014-07-24
1050,2014,7,25,18,2014-07-25
1051,2014,7,26,8,2014-07-26
1052,2014,7,27,14,2014-07-27
1053,2014,7,28,10,2014-07-28
1054,2014,7,29,9,2014-07-29
1055,2014,7,30,19,2014-07-30
1056,2014,7,31,29,2014-07-31
1057,2014,8,1,19,2014-08-01
1058,2014,8,3,6,2014-08-03
1059,2014,8,4,15,2014-08-04
1060,2014,8,5,7,2014-08-05
1061,2014,8,6,10,2014-08-06
1062,2014,8,7,13,2014-08-07
1063,2014,8,8,25,2014-08-08
1064,2014,8,9,15,2014-08-09
1065,2014,8,10,16,2014-08-10
1066,2014,8,11,7,2014-08-11
1067,2014,8,12,14,2014-08-12
1068,2014,8,13,24,2014-08-13
1069,2014,8,14,19,2014-08-14
1070,2014,8,15,19,2014-08-15
1071,2014,8,16,11,2014-08-16
1072,2014,8,17,6,2014-08-17
1073,2014,8,18,9,2014-08-18
1074,2014,8,19,13,2014-08-19
1075,2014,8,20,6,2014-08-20
1076,2014,8,21,17,2014-08-21
1077,2014,8,22,14,2014-08-22
1078,2014,8,23,5,2014-08-23
1079,2014,8,24,13,2014-08-24
1080,2014,8,25,12,2014-08-25
1081,2014,8,26,12,2014-08-26
1082,2014,8,27,17,2014-08-27
1083,2014,8,28,10,2014-08-28
1084,2014,8,29,25,2014-08-29
1085,2014,8,30,14,2014-08-30
1086,2014,8,31,17,2014-08-31
1087,2014,9,1,19,2014-09-01
1088,2014,9,2,10,2014-09-02
1089,2014,9,3,15,2014-09-03
1090,2014,9,4,9,2014-09-04
1091,2014,9,5,9,2014-09-05
1092,2014,9,6,5,2014-09-06
1093,2014,9,7,8,2014-09-07
1094,2014,9,8,7,2014-09-08
1095,2014,9,9,11,2014-09-09
1096,2014,9,10,12,2014-09-10
1097,2014,9,11,10,2014-09-11
1098,2014,9,12,16,2014-09-12
1099,2014,9,13,11,2014-09-13
1100,2014,9,14,5,2014-09-14
1101,2014,9,15,9,2014-09-15
1102,2014,9,16,11,2014-09-16
1103,2014,9,17,20,2014-09-17
1104,2014,9,18,11,2014-09-18
1105,2014,9,19,6,2014-09-19
1106,2014,9,20,8,2014-09-20
1107,2014,9,21,13,2014-09-21
1108,2014,9,22,4,2014-09-22
1109,2014,9,23,12,2014-09-23
1110,2014,9,24,22,2014-09-24
1111,2014,9,25,16,2014-09-25
1112,2014,9,26,8,2014-09-26
1113,2014,9,27,8,2014-09-27
1114,2014,9,28,11,2014-09-28
1115,2014,9,29,11,2014-09-29
1116,2014,9,30,13,2014-09-30
1117,2014,10,1,27,2014-10-01
1118,2014,10,2,11,2014-10-02
1119,2014,10,3,25,2014-10-03
1120,2014,10,4,16,2014-10-04
1121,2014,10,5,11,2014-10-05
1122,2014,10,6,19,2014-10-06
1123,2014,10,7,7,2014-10-07
1124,2014,10,8,12,2014-10-08
1125,2014,10,9,7,2014-10-09
1126,2014,10,10,8,2014-10-10
1127,2014,10,11,3,2014-10-11
1128,2014,10,12,14,2014-10-12
1129,2014,10,13,10,2014-10-13
1130,2014,10,14,23,2014-10-14
1131,2014,10,15,19,2014-10-15
1132,2014,10,16,12,2014-10-16
1133,2014,10,17,13,2014-10-17
1134,2014,10,18,4,2014-10-18
1135,2014,10,19,10,2014-10-19
1136,2014,10,20,15,2014-10-20
1137,2014,10,21,6,2014-10-21
1138,2014,10,22,19,2014-10-22
1139,2014,10,23,17,2014-10-23
1140,2014,10,24,7,2014-10-24
1141,2014,10,25,6,2014-10-25
1142,2014,10,26,15,2014-10-26
1143,2014,10,27,19,2014-10-27
1144,2014,10,28,19,2014-10-28
1145,2014,10,29,16,2014-10-29
1146,2014,10,30,24,2014-10-30
1147,2014,10,31,20,2014-10-31
1148,2014,11,1,10,2014-11-01
1149,2014,11,2,8,2014-11-02
1150,2014,11,3,9,2014-11-03
1151,2014,11,4,23,2014-11-04
1152,2014,11,5,18,2014-11-05
1153,2014,11,6,7,2014-11-06
1154,2014,11,7,13,2014-11-07
1155,2014,11,8,12,2014-11-08
1156,2014,11,9,10,2014-11-09
1157,2014,11,10,12,2014-11-10
1158,2014,11,11,21,2014-11-11
1159,2014,11,12,21,2014-11-12
1160,2014,11,13,10,2014-11-13
1161,2014,11,14,25,2014-11-14
1162,2014,11,15,13,2014-11-15
1163,2014,11,16,23,2014-11-16
1164,2014,11,17,22,2014-11-17
1165,2014,11,18,16,2014-11-18
1166,2014,11,19,22,2014-11-19
1167,2014,11,20,21,2014-11-20
1168,2014,11,21,14,2014-11-21
1169,2014,11,22,14,2014-11-22
1170,2014,11,23,8,2014-11-23
1171,2014,11,24,6,2014-11-24
1172,2014,11,25,16,2014-11-25
1173,2014,11,26,20,2014-11-26
1174,2014,11,27,13,2014-11-27
1175,2014,11,28,13,2014-11-28
1176,2014,11,29,10,2014-11-29
1177,2014,11,30,16,2014-11-30
1178,2014,12,1,20,2014-12-01
1179,2014,12,2,15,2014-12-02
1180,2014,12,3,15,2014-12-03
1181,2014,12,4,11,2014-12-04
1182,2014,12,5,9,2014-12-05
1183,2014,12,6,9,2014-12-06
1184,2014,12,7,14,2014-12-07
1185,2014,12,8,11,2014-12-08
1186,2014,12,9,3,2014-12-09
1187,2014,12,10,13,2014-12-10
1188,2014,12,11,19,2014-12-11
1189,2014,12,12,27,2014-12-12
1190,2014,12,13,16,2014-12-13
1191,2014,12,14,11,2014-12-14
1192,2014,12,15,23,2014-12-15
1193,2014,12,16,6,2014-12-16
1194,2014,12,17,18,2014-12-17
1195,2014,12,18,13,2014-12-18
1196,2014,12,19,2,2014-12-19
1197,2014,12,20,7,2014-12-20
1198,2014,12,21,3,2014-12-21
1199,2014,12,22,11,2014-12-22
1200,2014,12,23,18,2014-12-23
1201,2014,12,24,12,2014-12-24
1202,2014,12,25,5,2014-12-25
1203,2014,12,26,8,2014-12-26
1204,2014,12,27,3,2014-12-27
1205,2014,12,28,15,2014-12-28
1206,2014,12,29,9,2014-12-29
1207,2014,12,30,7,2014-12-30
1208,2014,12,31,9,2014-12-31
1209,2015,1,1,8,2015-01-01
1210,2015,1,2,10,2015-01-02
1211,2015,1,3,8,2015-01-03
1212,2015,1,4,7,2015-01-04
1213,2015,1,5,10,2015-01-05
1214,2015,1,6,20,2015-01-06
1215,2015,1,7,30,2015-01-07
1216,2015,1,8,26,2015-01-08
1217,2015,1,9,23,2015-01-09
1218,2015,1,10,7,2015-01-10
1219,2015,1,11,19,2015-01-11
1220,2015,1,12,14,2015-01-12
1221,2015,1,13,22,2015-01-13
1222,2015,1,14,30,2015-01-14
1223,2015,1,15,26,2015-01-15
1224,2015,1,16,6,2015-01-16
1225,2015,1,17,23,2015-01-17
1226,2015,1,18,21,2015-01-18
1227,2015,1,19,13,2015-01-19
1228,2015,1,20,17,2015-01-20
1229,2015,1,21,17,2015-01-21
1230,2015,1,22,13,2015-01-22
1231,2015,1,23,12,2015-01-23
1232,2015,1,24,10,2015-01-24
1233,2015,1,25,10,2015-01-25
1234,2015,1,26,17,2015-01-26
1235,2015,1,27,11,2015-01-27
1236,2015,1,28,20,2015-01-28
1237,2015,1,29,17,2015-01-29
1238,2015,1,30,13,2015-01-30
1239,2015,1,31,10,2015-01-31
1240,2015,2,1,13,2015-02-01
1241,2015,2,2,16,2015-02-02
1242,2015,2,3,15,2015-02-03
1243,2015,2,4,17,2015-02-04
1244,2015,2,5,15,2015-02-05
1245,2015,2,6,13,2015-02-06
1246,2015,2,7,5,2015-02-07
1247,2015,2,8,8,2015-02-08
1248,2015,2,9,15,2015-02-09
1249,2015,2,10,13,2015-02-10
1250,2015,2,11,9,2015-02-11
1251,2015,2,12,14,2015-02-12
1252,2015,2,13,19,2015-02-13
1253,2015,2,14,9,2015-02-14
1254,2015,2,15,9,2015-02-15
1255,2015,2,16,11,2015-02-16
1256,2015,2,17,11,2015-02-17
1257,2015,2,18,19,2015-02-18
1258,2015,2,19,20,2015-02-19
1259,2015,2,20,14,2015-02-20
1260,2015,2,21,12,2015-02-21
1261,2015,2,22,7,2015-02-22
1262,2015,2,23,11,2015-02-23
1263,2015,2,24,10,2015-02-24
1264,2015,2,25,11,2015-02-25
1265,2015,2,26,11,2015-02-26
1266,2015,2,27,15,2015-02-27
1267,2015,2,28,14,2015-02-28
1268,2015,3,1,13,2015-03-01
1269,2015,3,2,8,2015-03-02
1270,2015,3,3,7,2015-03-03
1271,2015,3,4,18,2015-03-04
1272,2015,3,5,13,2015-03-05
1273,2015,3,6,10,2015-03-06
1274,2015,3,7,9,2015-03-07
1275,2015,3,8,10,2015-03-08
1276,2015,3,9,11,2015-03-09
1277,2015,3,10,9,2015-03-10
1278,2015,3,11,11,2015-03-11
1279,2015,3,12,14,2015-03-12
1280,2015,3,13,14,2015-03-13
1281,2015,3,14,9,2015-03-14
1282,2015,3,15,7,2015-03-15
1283,2015,3,16,6,2015-03-16
1284,2015,3,17,2,2015-03-17
1285,2015,3,18,21,2015-03-18
1286,2015,3,19,9,2015-03-19
1287,2015,3,20,10,2015-03-20
1288,2015,3,21,3,2015-03-21
1289,2015,3,22,7,2015-03-22
1290,2015,3,23,13,2015-03-23
1291,2015,3,24,15,2015-03-24
1292,2015,3,25,7,2015-03-25
1293,2015,3,26,7,2015-03-26
1294,2015,3,27,22,2015-03-27
1295,2015,3,28,11,2015-03-28
1296,2015,3,29,12,2015-03-29
1297,2015,3,30,23,2015-03-30
1298,2015,3,31,10,2015-03-31
1299,2015,4,1,21,2015-04-01
1300,2015,4,2,11,2015-04-02
1301,2015,4,3,15,2015-04-03
1302,2015,4,4,12,2015-04-04
1303,2015,4,5,9,2015-04-05
1304,2015,4,6,21,2015-04-06
1305,2015,4,7,12,2015-04-07
1306,2015,4,8,10,2015-04-08
1307,2015,4,9,20,2015-04-09
1308,2015,4,10,13,2015-04-10
1309,2015,4,11,8,2015-04-11
1310,2015,4,12,7,2015-04-12
1311,2015,4,13,9,2015-04-13
1312,2015,4,14,7,2015-04-14
1313,2015,4,15,16,2015-04-15
1314,2015,4,16,24,2015-04-16
1315,2015,4,17,9,2015-04-17
1316,2015,4,18,8,2015-04-18
1317,2015,4,19,13,2015-04-19
1318,2015,4,20,10,2015-04-20
1319,2015,4,21,11,2015-04-21
1320,2015,4,22,21,2015-04-22
1321,2015,4,23,7,2015-04-23
1322,2015,4,24,13,2015-04-24
1323,2015,4,25,7,2015-04-25
1324,2015,4,26,7,2015-04-26
1325,2015,4,27,33,2015-04-27
1326,2015,4,28,15,2015-04-28
1327,2015,4,29,14,2015-04-29
1328,2015,4,30,13,2015-04-30
1329,2015,5,1,10,2015-05-01
1330,2015,5,2,6,2015-05-02
1331,2015,5,3,6,2015-05-03
1332,2015,5,4,21,2015-05-04
1333,2015,5,5,14,2015-05-05
1334,2015,5,6,17,2015-05-06
1335,2015,5,7,15,2015-05-07
1336,2015,5,8,15,2015-05-08
1337,2015,5,9,12,2015-05-09
1338,2015,5,10,5,2015-05-10
1339,2015,5,11,10,2015-05-11
1340,2015,5,12,17,2015-05-12
1341,2015,5,13,14,2015-05-13
1342,2015,5,14,14,2015-05-14
1343,2015,5,15,16,2015-05-15
1344,2015,5,16,7,2015-05-16
1345,2015,5,17,6,2015-05-17
1346,2015,5,18,14,2015-05-18
1347,2015,5,19,10,2015-05-19
1348,2015,5,20,14,2015-05-20
1349,2015,5,21,11,2015-05-21
1350,2015,5,22,21,2015-05-22
1351,2015,5,23,14,2015-05-23
1352,2015,5,24,7,2015-05-24
1353,2015,5,25,15,2015-05-25
1354,2015,5,26,22,2015-05-26
1355,2015,5,27,32,2015-05-27
1356,2015,5,28,12,2015-05-28
1357,2015,5,29,15,2015-05-29
1358,2015,5,30,2,2015-05-30
1359,2015,5,31,21,2015-05-31
1360,2015,6,1,27,2015-06-01
1361,2015,6,2,25,2015-06-02
1362,2015,6,3,18,2015-06-03
1363,2015,6,4,15,2015-06-04
1364,2015,6,5,14,2015-06-05
1365,2015,6,6,7,2015-06-06
1366,2015,6,7,8,2015-06-07
1367,2015,6,8,30,2015-06-08
1368,2015,6,9,19,2015-06-09
1369,2015,6,10,15,2015-06-10
1370,2015,6,11,15,2015-06-11
1371,2015,6,12,18,2015-06-12
1372,2015,6,13,12,2015-06-13
1373,2015,6,14,13,2015-06-14
1374,2015,6,15,19,2015-06-15
1375,2015,6,16,22,2015-06-16
1376,2015,6,17,31,2015-06-17
1377,2015,6,18,20,2015-06-18
1378,2015,6,19,9,2015-06-19
1379,2015,6,20,12,2015-06-20
1380,2015,6,21,22,2015-06-21
1381,2015,6,22,29,2015-06-22
1382,2015,6,23,19,2015-06-23
1383,2015,6,24,11,2015-06-24
1384,2015,6,25,25,2015-06-25
1385,2015,6,26,6,2015-06-26
1386,2015,6,27,3,2015-06-27
1387,2015,6,28,11,2015-06-28
1388,2015,6,29,10,2015-06-29
1389,2015,6,30,6,2015-06-30
1390,2015,7,1,23,2015-07-01
1391,2015,7,2,10,2015-07-02
1392,2015,7,3,16,2015-07-03
1393,2015,7,4,12,2015-07-04
1394,2015,7,5,11,2015-07-05
1395,2015,7,6,15,2015-07-06
1396,2015,7,7,12,2015-07-07
1397,2015,7,8,15,2015-07-08
1398,2015,7,9,19,2015-07-09
1399,2015,7,10,19,2015-07-10
1400,2015,7,11,20,2015-07-11
1401,2015,7,12,10,2015-07-12
1402,2015,7,13,19,2015-07-13
1403,2015,7,14,15,2015-07-14
1404,2015,7,15,19,2015-07-15
1405,2015,7,16,18,2015-07-16
1406,2015,7,17,11,2015-07-17
1407,2015,7,18,1,2015-07-18
1408,2015,7,19,12,2015-07-19
1409,2015,7,20,10,2015-07-20
1410,2015,7,21,14,2015-07-21
1411,2015,7,22,6,2015-07-22
1412,2015,7,23,17,2015-07-23
1413,2015,7,24,16,2015-07-24
1414,2015,7,25,14,2015-07-25
1415,2015,7,26,14,2015-07-26
1416,2015,7,27,17,2015-07-27
1417,2015,7,28,9,2015-07-28
1418,2015,7,29,14,2015-07-29
1419,2015,7,30,11,2015-07-30
1420,2015,7,31,21,2015-07-31
1421,2015,8,1,8,2015-08-01
1422,2015,8,2,11,2015-08-02
1423,2015,8,3,14,2015-08-03
1424,2015,8,4,9,2015-08-04
1425,2015,8,5,7,2015-08-05
1426,2015,8,6,12,2015-08-06
1427,2015,8,7,13,2015-08-07
1428,2015,8,8,1,2015-08-08
1429,2015,8,9,8,2015-08-09
1430,2015,8,10,10,2015-08-10
1431,2015,8,11,10,2015-08-11
1432,2015,8,12,13,2015-08-12
1433,2015,8,13,15,2015-08-13
1434,2015,8,14,10,2015-08-14
1435,2015,8,15,12,2015-08-15
1436,2015,8,16,4,2015-08-16
1437,2015,8,17,5,2015-08-17
1438,2015,8,18,13,2015-08-18
1439,2015,8,19,19,2015-08-19
1440,2015,8,20,15,2015-08-20
1441,2015,8,21,19,2015-08-21
1442,2015,8,22,9,2015-08-22
1443,2015,8,23,2,2015-08-23
1444,2015,8,24,15,2015-08-24
1445,2015,8,25,9,2015-08-25
1446,2015,8,26,17,2015-08-26
1447,2015,8,27,20,2015-08-27
1448,2015,8,28,8,2015-08-28
1449,2015,8,29,9,2015-08-29
1450,2015,8,30,14,2015-08-30
1451,2015,8,31,13,2015-08-31
1452,2015,9,1,11,2015-09-01
1453,2015,9,2,6,2015-09-02
1454,2015,9,3,15,2015-09-03
1455,2015,9,4,15,2015-09-04
1456,2015,9,5,15,2015-09-05
1457,2015,9,6,8,2015-09-06
1458,2015,9,7,12,2015-09-07
1459,2015,9,8,14,2015-09-08
1460,2015,9,9,11,2015-09-09
1461,2015,9,10,6,2015-09-10
1462,2015,9,11,13,2015-09-11
1463,2015,9,12,19,2015-09-12
1464,2015,9,13,11,2015-09-13
1465,2015,9,14,12,2015-09-14
1466,2015,9,15,12,2015-09-15
1467,2015,9,16,11,2015-09-16
1468,2015,9,17,13,2015-09-17
1469,2015,9,18,11,2015-09-18
1470,2015,9,19,5,2015-09-19
1471,2015,9,20,7,2015-09-20
1472,2015,9,21,10,2015-09-21
1473,2015,9,22,6,2015-09-22
1474,2015,9,23,7,2015-09-23
1475,2015,9,24,9,2015-09-24
1476,2015,9,25,7,2015-09-25
1477,2015,9,26,5,2015-09-26
1478,2015,9,27,7,2015-09-27
1479,2015,9,28,12,2015-09-28
1480,2015,9,29,6,2015-09-29
1481,2015,9,30,13,2015-09-30
1482,2015,10,1,10,2015-10-01
1483,2015,10,2,9,2015-10-02
1484,2015,10,3,8,2015-10-03
1485,2015,10,4,10,2015-10-04
1486,2015,10,5,4,2015-10-05
1487,2015,10,6,9,2015-10-06
1488,2015,10,7,5,2015-10-07
1489,2015,10,8,11,2015-10-08
1490,2015,10,9,13,2015-10-09
1491,2015,10,10,6,2015-10-10
1492,2015,10,11,10,2015-10-11
1493,2015,10,12,14,2015-10-12
1494,2015,10,13,13,2015-10-13
1495,2015,10,14,7,2015-10-14
1496,2015,10,15,10,2015-10-15
1497,2015,10,16,10,2015-10-16
1498,2015,10,17,9,2015-10-17
1499,2015,10,18,9,2015-10-18
1500,2015,10,19,7,2015-10-19
1501,2015,10,20,11,2015-10-20
1502,2015,10,21,10,2015-10-21
1503,2015,10,22,12,2015-10-22
1504,2015,10,23,12,2015-10-23
1505,2015,10,24,16,2015-10-24
1506,2015,10,25,6,2015-10-25
1507,2015,10,26,18,2015-10-26
1508,2015,10,27,19,2015-10-27
1509,2015,10,28,19,2015-10-28
1510,2015,10,29,19,2015-10-29
1511,2015,10,30,15,2015-10-30
1512,2015,10,31,19,2015-10-31
1513,2015,11,1,10,2015-11-01
1514,2015,11,2,29,2015-11-02
1515,2015,11,3,14,2015-11-03
1516,2015,11,4,15,2015-11-04
1517,2015,11,5,10,2015-11-05
1518,2015,11,6,20,2015-11-06
1519,2015,11,7,23,2015-11-07
1520,2015,11,8,6,2015-11-08
1521,2015,11,9,8,2015-11-09
1522,2015,11,10,13,2015-11-10
1523,2015,11,11,13,2015-11-11
1524,2015,11,12,18,2015-11-12
1525,2015,11,13,10,2015-11-13
1526,2015,11,14,7,2015-11-14
1527,2015,11,15,14,2015-11-15
1528,2015,11,16,9,2015-11-16
1529,2015,11,17,8,2015-11-17
1530,2015,11,18,4,2015-11-18
1531,2015,11,19,7,2015-11-19
1532,2015,11,20,8,2015-11-20
1533,2015,11,21,15,2015-11-21
1534,2015,11,22,14,2015-11-22
1535,2015,11,23,13,2015-11-23
1536,2015,11,24,6,2015-11-24
1537,2015,11,25,11,2015-11-25
1538,2015,11,26,14,2015-11-26
1539,2015,11,27,9,2015-11-27
1540,2015,11,28,10,2015-11-28
1541,2015,11,29,7,2015-11-29
1542,2015,11,30,14,2015-11-30
1543,2015,12,1,10,2015-12-01
1544,2015,12,2,13,2015-12-02
1545,2015,12,3,6,2015-12-03
1546,2015,12,4,15,2015-12-04
1547,2015,12,5,17,2015-12-05
1548,2015,12,6,15,2015-12-06
1549,2015,12,7,13,2015-12-07
1550,2015,12,8,24,2015-12-08
1551,2015,12,9,25,2015-12-09
1552,2015,12,10,13,2015-12-10
1553,2015,12,11,13,2015-12-11
1554,2015,12,12,3,2015-12-12
1555,2015,12,13,21,2015-12-13
1556,2015,12,14,19,2015-12-14
1557,2015,12,15,21,2015-12-15
1558,2015,12,16,8,2015-12-16
1559,2015,12,17,17,2015-12-17
1560,2015,12,18,18,2015-12-18
1561,2015,12,19,7,2015-12-19
1562,2015,12,20,8,2015-12-20
1563,2015,12,21,22,2015-12-21
1564,2015,12,22,8,2015-12-22
1565,2015,12,23,24,2015-12-23
1566,2015,12,24,5,2015-12-24
1567,2015,12,25,4,2015-12-25
1568,2015,12,26,8,2015-12-26
1569,2015,12,27,9,2015-12-27
1570,2015,12,28,3,2015-12-28
1571,2015,12,29,17,2015-12-29
1572,2015,12,30,17,2015-12-30
1573,2015,12,31,12,2015-12-31
1574,2016,1,1,4,2016-01-01
1575,2016,1,2,7,2016-01-02
1576,2016,1,3,4,2016-01-03
1577,2016,1,4,12,2016-01-04
1578,2016,1,5,35,2016-01-05
1579,2016,1,6,20,2016-01-06
1580,2016,1,7,11,2016-01-07
1581,2016,1,8,12,2016-01-08
1582,2016,1,9,6,2016-01-09
1583,2016,1,10,15,2016-01-10
1584,2016,1,11,20,2016-01-11
1585,2016,1,12,17,2016-01-12
1586,2016,1,13,22,2016-01-13
1587,2016,1,14,15,2016-01-14
1588,2016,1,15,19,2016-01-15
1589,2016,1,16,8,2016-01-16
1590,2016,1,17,5,2016-01-17
1591,2016,1,18,11,2016-01-18
1592,2016,1,19,20,2016-01-19
1593,2016,1,20,26,2016-01-20
1594,2016,1,21,15,2016-01-21
1595,2016,1,22,17,2016-01-22
1596,2016,1,23,16,2016-01-23
1597,2016,1,24,11,2016-01-24
1598,2016,1,25,17,2016-01-25
1599,2016,1,26,25,2016-01-26
1600,2016,1,27,8,2016-01-27
1601,2016,1,28,15,2016-01-28
1602,2016,1,29,11,2016-01-29
1603,2016,1,30,12,2016-01-30
1604,2016,1,31,13,2016-01-31
1605,2016,2,1,4,2016-02-01
1606,2016,2,2,19,2016-02-02
1607,2016,2,3,13,2016-02-03
1608,2016,2,4,16,2016-02-04
1609,2016,2,5,23,2016-02-05
1610,2016,2,6,20,2016-02-06
1611,2016,2,7,6,2016-02-07
1612,2016,2,8,10,2016-02-08
1613,2016,2,9,14,2016-02-09
1614,2016,2,10,11,2016-02-10
1615,2016,2,11,9,2016-02-11
1616,2016,2,12,11,2016-02-12
1617,2016,2,13,8,2016-02-13
1618,2016,2,14,4,2016-02-14
1619,2016,2,15,21,2016-02-15
1620,2016,2,16,8,2016-02-16
1621,2016,2,17,13,2016-02-17
1622,2016,2,18,13,2016-02-18
1623,2016,2,19,6,2016-02-19
1624,2016,2,20,7,2016-02-20
1625,2016,2,21,17,2016-02-21
1626,2016,2,22,9,2016-02-22
1627,2016,2,23,14,2016-02-23
1628,2016,2,24,4,2016-02-24
1629,2016,2,25,17,2016-02-25
1630,2016,2,26,11,2016-02-26
1631,2016,2,27,6,2016-02-27
1632,2016,2,28,9,2016-02-28
1633,2016,2,29,17,2016-02-29
1634,2016,3,1,9,2016-03-01
1635,2016,3,2,18,2016-03-02
1636,2016,3,3,7,2016-03-03
1637,2016,3,4,13,2016-03-04
1638,2016,3,5,15,2016-03-05
1639,2016,3,6,10,2016-03-06
1640,2016,3,7,13,2016-03-07
1641,2016,3,8,8,2016-03-08
1642,2016,3,9,14,2016-03-09
1643,2016,3,10,11,2016-03-10
1644,2016,3,11,9,2016-03-11
1645,2016,3,12,12,2016-03-12
1646,2016,3,13,7,2016-03-13
1647,2016,3,14,8,2016-03-14
1648,2016,3,15,8,2016-03-15
1649,2016,3,16,19,2016-03-16
1650,2016,3,17,2,2016-03-17
1651,2016,3,18,8,2016-03-18
1652,2016,3,19,16,2016-03-19
1653,2016,3,20,12,2016-03-20
1654,2016,3,21,10,2016-03-21
1655,2016,3,22,12,2016-03-22
1656,2016,3,23,8,2016-03-23
1657,2016,3,24,13,2016-03-24
1658,2016,3,25,4,2016-03-25
1659,2016,3,26,9,2016-03-26
1660,2016,3,27,8,2016-03-27
1661,2016,3,28,14,2016-03-28
1662,2016,3,29,19,2016-03-29
1663,2016,3,30,7,2016-03-30
1664,2016,3,31,9,2016-03-31
1665,2016,4,1,13,2016-04-01
1666,2016,4,2,11,2016-04-02
1667,2016,4,3,16,2016-04-03
1668,2016,4,4,6,2016-04-04
1669,2016,4,5,10,2016-04-05
1670,2016,4,6,10,2016-04-06
1671,2016,4,7,6,2016-04-07
1672,2016,4,8,3,2016-04-08
1673,2016,4,9,5,2016-04-09
1674,2016,4,10,12,2016-04-10
1675,2016,4,11,8,2016-04-11
1676,2016,4,12,9,2016-04-12
1677,2016,4,13,8,2016-04-13
1678,2016,4,14,11,2016-04-14
1679,2016,4,15,15,2016-04-15
1680,2016,4,16,8,2016-04-16
1681,2016,4,17,9,2016-04-17
1682,2016,4,18,3,2016-04-18
1683,2016,4,19,3,2016-04-19
1684,2016,4,20,8,2016-04-20
1685,2016,4,21,5,2016-04-21
1686,2016,4,22,11,2016-04-22
1687,2016,4,23,7,2016-04-23
1688,2016,4,24,11,2016-04-24
1689,2016,4,25,6,2016-04-25
1690,2016,4,26,15,2016-04-26
1691,2016,4,27,17,2016-04-27
1692,2016,4,28,13,2016-04-28
1693,2016,4,29,5,2016-04-29
1694,2016,4,30,4,2016-04-30
1695,2016,5,1,8,2016-05-01
1696,2016,5,2,16,2016-05-02
1697,2016,5,3,8,2016-05-03
1698,2016,5,4,7,2016-05-04
1699,2016,5,5,4,2016-05-05
1700,2016,5,6,9,2016-05-06
1701,2016,5,7,9,2016-05-07
1702,2016,5,8,6,2016-05-08
1703,2016,5,9,9,2016-05-09
1704,2016,5,10,18,2016-05-10
1705,2016,5,11,12,2016-05-11
1706,2016,5,12,23,2016-05-12
1707,2016,5,13,10,2016-05-13
1708,2016,5,14,8,2016-05-14
1709,2016,5,15,4,2016-05-15
1710,2016,5,16,16,2016-05-16
1711,2016,5,17,19,2016-05-17
1712,2016,5,18,17,2016-05-18
1713,2016,5,19,8,2016-05-19
1714,2016,5,20,15,2016-05-20
1715,2016,5,21,30,2016-05-21
1716,2016,5,22,37,2016-05-22
1717,2016,5,23,21,2016-05-23
1718,2016,5,24,23,2016-05-24
1719,2016,5,25,13,2016-05-25
1720,2016,5,26,26,2016-05-26
1721,2016,5,27,43,2016-05-27
1722,2016,5,28,18,2016-05-28
1723,2016,5,29,14,2016-05-29
1724,2016,5,30,32,2016-05-30
1725,2016,5,31,27,2016-05-31
1726,2016,6,1,24,2016-06-01
1727,2016,6,2,13,2016-06-02
1728,2016,6,3,33,2016-06-03
1729,2016,6,4,14,2016-06-04
1730,2016,6,5,31,2016-06-05
1731,2016,6,6,16,2016-06-06
1732,2016,6,7,21,2016-06-07
1733,2016,6,8,18,2016-06-08
1734,2016,6,9,23,2016-06-09
1735,2016,6,10,27,2016-06-10
1736,2016,6,11,14,2016-06-11
1737,2016,6,12,24,2016-06-12
1738,2016,6,13,24,2016-06-13
1739,2016,6,14,36,2016-06-14
1740,2016,6,15,22,2016-06-15
1741,2016,6,16,27,2016-06-16
1742,2016,6,17,20,2016-06-17
1743,2016,6,18,16,2016-06-18
1744,2016,6,19,16,2016-06-19
1745,2016,6,20,20,2016-06-20
1746,2016,6,21,17,2016-06-21
1747,2016,6,22,20,2016-06-22
1748,2016,6,23,17,2016-06-23
1749,2016,6,24,14,2016-06-24
1750,2016,6,25,6,2016-06-25
1751,2016,6,26,17,2016-06-26
1752,2016,6,27,22,2016-06-27
1753,2016,6,28,20,2016-06-28
1754,2016,6,29,18,2016-06-29
1755,2016,6,30,17,2016-06-30
1756,2016,7,1,16,2016-07-01
1757,2016,7,2,9,2016-07-02
1758,2016,7,3,13,2016-07-03
1759,2016,7,4,19,2016-07-04
1760,2016,7,5,8,2016-07-05
1761,2016,7,6,29,2016-07-06
1762,2016,7,7,13,2016-07-07
1763,2016,7,8,19,2016-07-08
1764,2016,7,9,8,2016-07-09
1765,2016,7,10,14,2016-07-10
1766,2016,7,11,17,2016-07-11
1767,2016,7,12,9,2016-07-12
1768,2016,7,13,8,2016-07-13
1769,2016,7,14,10,2016-07-14
1770,2016,7,15,14,2016-07-15
1771,2016,7,16,14,2016-07-16
1772,2016,7,17,11,2016-07-17
1773,2016,7,18,15,2016-07-18
1774,2016,7,19,13,2016-07-19
1775,2016,7,20,17,2016-07-20
1776,2016,7,21,9,2016-07-21
1777,2016,7,22,27,2016-07-22
1778,2016,7,23,6,2016-07-23
1779,2016,7,24,10,2016-07-24
1780,2016,7,25,14,2016-07-25
1781,2016,7,26,10,2016-07-26
1782,2016,7,27,17,2016-07-27
1783,2016,7,28,11,2016-07-28
1784,2016,7,29,16,2016-07-29
1785,2016,7,30,14,2016-07-30
1786,2016,7,31,5,2016-07-31
1787,2016,8,1,14,2016-08-01
1788,2016,8,2,11,2016-08-02
1789,2016,8,3,23,2016-08-03
1790,2016,8,4,12,2016-08-04
1791,2016,8,5,14,2016-08-05
1792,2016,8,6,8,2016-08-06
1793,2016,8,7,9,2016-08-07
1794,2016,8,8,11,2016-08-08
1795,2016,8,9,13,2016-08-09
1796,2016,8,10,9,2016-08-10
1797,2016,8,11,10,2016-08-11
1798,2016,8,12,7,2016-08-12
1799,2016,8,13,7,2016-08-13
1800,2016,8,14,21,2016-08-14
1801,2016,8,15,14,2016-08-15
1802,2016,8,16,14,2016-08-16
1803,2016,8,17,13,2016-08-17
1804,2016,8,18,19,2016-08-18
1805,2016,8,19,12,2016-08-19
1806,2016,8,20,13,2016-08-20
1807,2016,8,21,16,2016-08-21
1808,2016,8,22,29,2016-08-22
1809,2016,8,23,23,2016-08-23
1810,2016,8,24,26,2016-08-24
1811,2016,8,25,14,2016-08-25
1812,2016,8,26,10,2016-08-26
1813,2016,8,27,2,2016-08-27
1814,2016,8,28,7,2016-08-28
1815,2016,8,29,7,2016-08-29
1816,2016,8,30,14,2016-08-30
1817,2016,8,31,21,2016-08-31
1818,2016,9,1,3,2016-09-01
1819,2016,9,2,11,2016-09-02
1820,2016,9,3,18,2016-09-03
1821,2016,9,4,9,2016-09-04
1822,2016,9,5,18,2016-09-05
1823,2016,9,6,15,2016-09-06
1824,2016,9,7,8,2016-09-07
1825,2016,9,8,22,2016-09-08
1826,2016,9,9,8,2016-09-09
1827,2016,9,10,12,2016-09-10
1828,2016,9,11,6,2016-09-11
1829,2016,9,12,17,2016-09-12
1830,2016,9,13,10,2016-09-13
1831,2016,9,14,11,2016-09-14
1832,2016,9,15,6,2016-09-15
1833,2016,9,16,25,2016-09-16
1834,2016,9,17,5,2016-09-17
1835,2016,9,18,7,2016-09-18
1836,2016,9,19,16,2016-09-19
1837,2016,9,20,15,2016-09-20
1838,2016,9,21,14,2016-09-21
1839,2016,9,22,7,2016-09-22
1840,2016,9,23,14,2016-09-23
1841,2016,9,24,8,2016-09-24
1842,2016,9,25,3,2016-09-25
1843,2016,9,26,1,2016-09-26
1844,2016,9,27,9,2016-09-27
1845,2016,9,28,10,2016-09-28
1846,2016,9,29,11,2016-09-29
1847,2016,9,30,8,2016-09-30
1848,2016,10,1,7,2016-10-01
1849,2016,10,2,3,2016-10-02
1850,2016,10,3,11,2016-10-03
1851,2016,10,4,12,2016-10-04
1852,2016,10,5,10,2016-10-05
1853,2016,10,6,13,2016-10-06
1854,2016,10,7,7,2016-10-07
1855,2016,10,8,10,2016-10-08
1856,2016,10,9,3,2016-10-09
1857,2016,10,10,11,2016-10-10
1858,2016,10,11,24,2016-10-11
1859,2016,10,12,10,2016-10-12
1860,2016,10,13,12,2016-10-13
1861,2016,10,14,7,2016-10-14
1862,2016,10,15,9,2016-10-15
1863,2016,10,16,7,2016-10-16
1864,2016,10,17,15,2016-10-17
1865,2016,10,18,11,2016-10-18
1866,2016,10,19,18,2016-10-19
1867,2016,10,20,20,2016-10-20
1868,2016,10,21,17,2016-10-21
1869,2016,10,22,3,2016-10-22
1870,2016,10,23,9,2016-10-23
1871,2016,10,24,19,2016-10-24
1872,2016,10,25,27,2016-10-25
1873,2016,10,26,43,2016-10-26
1874,2016,10,27,30,2016-10-27
1875,2016,10,28,21,2016-10-28
1876,2016,10,29,8,2016-10-29
1877,2016,10,30,14,2016-10-30
1878,2016,10,31,7,2016-10-31
1879,2016,11,1,19,2016-11-01
1880,2016,11,2,26,2016-11-02
1881,2016,11,3,27,2016-11-03
1882,2016,11,4,18,2016-11-04
1883,2016,11,5,18,2016-11-05
1884,2016,11,6,16,2016-11-06
1885,2016,11,7,20,2016-11-07
1886,2016,11,8,7,2016-11-08
1887,2016,11,9,10,2016-11-09
1888,2016,11,10,10,2016-11-10
1889,2016,11,11,15,2016-11-11
1890,2016,11,12,14,2016-11-12
1891,2016,11,13,10,2016-11-13
1892,2016,11,14,9,2016-11-14
1893,2016,11,15,22,2016-11-15
1894,2016,11,16,16,2016-11-16
1895,2016,11,17,19,2016-11-17
1896,2016,11,18,13,2016-11-18
1897,2016,11,19,5,2016-11-19
1898,2016,11,20,11,2016-11-20
1899,2016,11,21,23,2016-11-21
1900,2016,11,22,17,2016-11-22
1901,2016,11,23,20,2016-11-23
1902,2016,11,24,21,2016-11-24
1903,2016,11,25,16,2016-11-25
1904,2016,11,26,4,2016-11-26
1905,2016,11,27,8,2016-11-27
1906,2016,11,28,15,2016-11-28
1907,2016,11,29,16,2016-11-29
1908,2016,11,30,20,2016-11-30
1909,2016,12,1,11,2016-12-01
1910,2016,12,2,14,2016-12-02
1911,2016,12,3,15,2016-12-03
1912,2016,12,4,7,2016-12-04
1913,2016,12,5,13,2016-12-05
1914,2016,12,6,14,2016-12-06
1915,2016,12,7,11,2016-12-07
1916,2016,12,8,19,2016-12-08
1917,2016,12,9,8,2016-12-09
1918,2016,12,10,8,2016-12-10
1919,2016,12,11,6,2016-12-11
1920,2016,12,12,18,2016-12-12
1921,2016,12,13,18,2016-12-13
1922,2016,12,14,11,2016-12-14
1923,2016,12,15,20,2016-12-15
1924,2016,12,16,13,2016-12-16
1925,2016,12,17,8,2016-12-17
1926,2016,12,18,7,2016-12-18
1927,2016,12,19,10,2016-12-19
1928,2016,12,20,11,2016-12-20
1929,2016,12,21,13,2016-12-21
1930,2016,12,22,18,2016-12-22
1931,2016,12,23,11,2016-12-23
1932,2016,12,24,8,2016-12-24
1933,2016,12,25,5,2016-12-25
1934,2016,12,26,9,2016-12-26
1935,2016,12,27,8,2016-12-27
1936,2016,12,28,15,2016-12-28
1937,2016,12,29,17,2016-12-29
1938,2016,12,30,21,2016-12-30
1939,2016,12,31,9,2016-12-31
1940,2017,1,1,11,2017-01-01
1941,2017,1,2,17,2017-01-02
1942,2017,1,3,23,2017-01-03
1943,2017,1,4,8,2017-01-04
1944,2017,1,5,27,2017-01-05
1945,2017,1,6,16,2017-01-06
1946,2017,1,7,12,2017-01-07
1947,2017,1,8,10,2017-01-08
1948,2017,1,9,22,2017-01-09
1949,2017,1,10,15,2017-01-10
1950,2017,1,11,22,2017-01-11
1951,2017,1,12,19,2017-01-12
1952,2017,1,13,19,2017-01-13
1953,2017,1,14,12,2017-01-14
1954,2017,1,15,15,2017-01-15
1955,2017,1,16,14,2017-01-16
1956,2017,1,17,9,2017-01-17
1957,2017,1,18,19,2017-01-18
1958,2017,1,19,19,2017-01-19
1959,2017,1,20,9,2017-01-20
1960,2017,1,21,12,2017-01-21
1961,2017,1,22,12,2017-01-22
1962,2017,1,23,9,2017-01-23
1963,2017,1,24,13,2017-01-24
1964,2017,1,25,10,2017-01-25
1965,2017,1,26,8,2017-01-26
1966,2017,1,27,19,2017-01-27
1967,2017,1,28,7,2017-01-28
1968,2017,1,29,16,2017-01-29
1969,2017,1,30,14,2017-01-30
1970,2017,1,31,13,2017-01-31
1971,2017,2,1,13,2017-02-01
1972,2017,2,2,8,2017-02-02
1973,2017,2,3,18,2017-02-03
1974,2017,2,4,11,2017-02-04
1975,2017,2,5,6,2017-02-05
1976,2017,2,6,14,2017-02-06
1977,2017,2,7,17,2017-02-07
1978,2017,2,8,27,2017-02-08
1979,2017,2,9,28,2017-02-09
1980,2017,2,10,16,2017-02-10
1981,2017,2,11,16,2017-02-11
1982,2017,2,12,14,2017-02-12
1983,2017,2,13,14,2017-02-13
1984,2017,2,14,18,2017-02-14
1985,2017,2,15,8,2017-02-15
1986,2017,2,16,15,2017-02-16
1987,2017,2,17,13,2017-02-17
1988,2017,2,18,13,2017-02-18
1989,2017,2,19,8,2017-02-19
1990,2017,2,20,12,2017-02-20
1991,2017,2,21,17,2017-02-21
1992,2017,2,22,12,2017-02-22
1993,2017,2,23,22,2017-02-23
1994,2017,2,24,30,2017-02-24
1995,2017,2,25,8,2017-02-25
1996,2017,2,26,14,2017-02-26
1997,2017,2,27,20,2017-02-27
1998,2017,2,28,16,2017-02-28
1999,2017,3,1,29,2017-03-01
2000,2017,3,2,25,2017-03-02
2001,2017,3,3,24,2017-03-03
2002,2017,3,4,20,2017-03-04
2003,2017,3,5,22,2017-03-05
2004,2017,3,6,12,2017-03-06
2005,2017,3,7,22,2017-03-07
2006,2017,3,8,23,2017-03-08
2007,2017,3,9,16,2017-03-09
2008,2017,3,10,15,2017-03-10
2009,2017,3,11,28,2017-03-11
2010,2017,3,12,16,2017-03-12
2011,2017,3,13,27,2017-03-13
2012,2017,3,14,23,2017-03-14
2013,2017,3,15,19,2017-03-15
2014,2017,3,16,16,2017-03-16
2015,2017,3,17,9,2017-03-17
2016,2017,3,18,14,2017-03-18
2017,2017,3,19,7,2017-03-19
2018,2017,3,20,14,2017-03-20
2019,2017,3,21,5,2017-03-21
2020,2017,3,22,16,2017-03-22
2021,2017,3,23,15,2017-03-23
2022,2017,3,24,19,2017-03-24
2023,2017,3,25,16,2017-03-25
2024,2017,3,26,11,2017-03-26
2025,2017,3,27,26,2017-03-27
2026,2017,3,28,18,2017-03-28
2027,2017,3,29,21,2017-03-29
2028,2017,3,30,14,2017-03-30
2029,2017,3,31,20,2017-03-31
2030,2017,4,1,10,2017-04-01
2031,2017,4,2,11,2017-04-02
2032,2017,4,3,15,2017-04-03
2033,2017,4,4,24,2017-04-04
2034,2017,4,5,27,2017-04-05
2035,2017,4,6,17,2017-04-06
2036,2017,4,7,18,2017-04-07
2037,2017,4,8,10,2017-04-08
2038,2017,4,9,14,2017-04-09
2039,2017,4,10,15,2017-04-10
2040,2017,4,11,10,2017-04-11
2041,2017,4,12,13,2017-04-12
2042,2017,4,13,14,2017-04-13
2043,2017,4,14,5,2017-04-14
2044,2017,4,15,10,2017-04-15
2045,2017,4,16,7,2017-04-16
2046,2017,4,17,14,2017-04-17
2047,2017,4,18,23,2017-04-18
2048,2017,4,19,13,2017-04-19
2049,2017,4,20,10,2017-04-20
2050,2017,4,21,16,2017-04-21
2051,2017,4,22,12,2017-04-22
2052,2017,4,23,16,2017-04-23
2053,2017,4,24,12,2017-04-24
2054,2017,4,25,13,2017-04-25
2055,2017,4,26,9,2017-04-26
2056,2017,4,27,7,2017-04-27
2057,2017,4,28,15,2017-04-28
2058,2017,4,29,13,2017-04-29
2059,2017,4,30,4,2017-04-30
2060,2017,5,1,9,2017-05-01
2061,2017,5,2,7,2017-05-02
2062,2017,5,3,18,2017-05-03
2063,2017,5,4,15,2017-05-04
2064,2017,5,5,20,2017-05-05
2065,2017,5,6,16,2017-05-06
2066,2017,5,7,7,2017-05-07
2067,2017,5,8,14,2017-05-08
2068,2017,5,9,5,2017-05-09
2069,2017,5,10,16,2017-05-10
2070,2017,5,11,23,2017-05-11
2071,2017,5,12,9,2017-05-12
2072,2017,5,13,15,2017-05-13
2073,2017,5,14,10,2017-05-14
2074,2017,5,15,20,2017-05-15
2075,2017,5,16,27,2017-05-16
2076,2017,5,17,24,2017-05-17
2077,2017,5,18,27,2017-05-18
2078,2017,5,19,21,2017-05-19
2079,2017,5,20,14,2017-05-20
2080,2017,5,21,25,2017-05-21
2081,2017,5,22,27,2017-05-22
2082,2017,5,23,36,2017-05-23
2083,2017,5,24,28,2017-05-24
2084,2017,5,25,28,2017-05-25
2085,2017,5,26,32,2017-05-26
2086,2017,5,27,21,2017-05-27
2087,2017,5,28,25,2017-05-28
2088,2017,5,29,24,2017-05-29
2089,2017,5,30,45,2017-05-30
2090,2017,5,31,29,2017-05-31
2091,2017,6,1,20,2017-06-01
2092,2017,6,2,25,2017-06-02
2093,2017,6,3,18,2017-06-03
2094,2017,6,4,16,2017-06-04
2095,2017,6,5,32,2017-06-05
2096,2017,6,6,24,2017-06-06
2097,2017,6,7,42,2017-06-07
2098,2017,6,8,29,2017-06-08
2099,2017,6,9,30,2017-06-09
2100,2017,6,10,27,2017-06-10
2101,2017,6,11,32,2017-06-11
2102,2017,6,12,20,2017-06-12
2103,2017,6,13,29,2017-06-13
2104,2017,6,14,35,2017-06-14
2105,2017,6,15,30,2017-06-15
2106,2017,6,16,30,2017-06-16
2107,2017,6,17,11,2017-06-17
2108,2017,6,18,29,2017-06-18
2109,2017,6,19,26,2017-06-19
2110,2017,6,20,31,2017-06-20
2111,2017,6,21,34,2017-06-21
2112,2017,6,22,26,2017-06-22
2113,2017,6,23,36,2017-06-23
2114,2017,6,24,17,2017-06-24
2115,2017,6,25,22,2017-06-25
2116,2017,6,26,19,2017-06-26
2117,2017,6,27,32,2017-06-27
2118,2017,6,28,29,2017-06-28
2119,2017,6,29,36,2017-06-29
2120,2017,6,30,29,2017-06-30
2121,2017,7,1,25,2017-07-01
2122,2017,7,2,38,2017-07-02
2123,2017,7,3,30,2017-07-03
2124,2017,7,4,29,2017-07-04
2125,2017,7,5,42,2017-07-05
2126,2017,7,6,44,2017-07-06
2127,2017,7,7,30,2017-07-07
2128,2017,7,8,22,2017-07-08
2129,2017,7,9,11,2017-07-09
2130,2017,7,10,43,2017-07-10
2131,2017,7,11,30,2017-07-11
2132,2017,7,12,42,2017-07-12
2133,2017,7,13,50,2017-07-13
2134,2017,7,14,23,2017-07-14
2135,2017,7,15,27,2017-07-15
2136,2017,7,16,33,2017-07-16
2137,2017,7,17,30,2017-07-17
2138,2017,7,18,25,2017-07-18
2139,2017,7,19,32,2017-07-19
2140,2017,7,20,27,2017-07-20
2141,2017,7,21,35,2017-07-21
2142,2017,7,22,26,2017-07-22
2143,2017,7,23,24,2017-07-23
2144,2017,7,24,30,2017-07-24
2145,2017,7,25,30,2017-07-25
2146,2017,7,26,34,2017-07-26
2147,2017,7,27,35,2017-07-27
2148,2017,7,28,45,2017-07-28
2149,2017,7,29,35,2017-07-29
2150,2017,7,30,24,2017-07-30
2151,2017,7,31,32,2017-07-31
2152,2017,8,1,38,2017-08-01
2153,2017,8,2,52,2017-08-02
2154,2017,8,3,54,2017-08-03
2155,2017,8,4,46,2017-08-04
2156,2017,8,5,30,2017-08-05
2157,2017,8,6,33,2017-08-06
2158,2017,8,7,47,2017-08-07
2159,2017,8,8,30,2017-08-08
2160,2017,8,9,43,2017-08-09
2161,2017,8,10,36,2017-08-10
2162,2017,8,11,35,2017-08-11
2163,2017,8,12,31,2017-08-12
2164,2017,8,13,34,2017-08-13
2165,2017,8,14,39,2017-08-14
2166,2017,8,15,30,2017-08-15
2167,2017,8,16,49,2017-08-16
2168,2017,8,17,51,2017-08-17
2169,2017,8,18,46,2017-08-18
2170,2017,8,19,36,2017-08-19
2171,2017,8,20,38,2017-08-20
2172,2017,8,21,57,2017-08-21
2173,2017,8,22,36,2017-08-22
2174,2017,8,23,41,2017-08-23
2175,2017,8,24,35,2017-08-24
2176,2017,8,25,39,2017-08-25
2177,2017,8,26,32,2017-08-26
2178,2017,8,27,29,2017-08-27
2179,2017,8,28,36,2017-08-28
2180,2017,8,29,40,2017-08-29
2181,2017,8,30,37,2017-08-30
2182,2017,8,31,40,2017-08-31
2183,2017,9,1,37,2017-09-01
2184,2017,9,2,36,2017-09-02
2185,2017,9,3,17,2017-09-03
2186,2017,9,4,21,2017-09-04
2187,2017,9,5,25,2017-09-05
2188,2017,9,6,35,2017-09-06
2189,2017,9,7,34,2017-09-07
2190,2017,9,8,31,2017-09-08
2191,2017,9,9,27,2017-09-09
2192,2017,9,10,21,2017-09-10
2193,2017,9,11,32,2017-09-11
2194,2017,9,12,31,2017-09-12
2195,2017,9,13,31,2017-09-13
2196,2017,9,14,30,2017-09-14
2197,2017,9,15,29,2017-09-15
2198,2017,9,16,22,2017-09-16
2199,2017,9,17,23,2017-09-17
2200,2017,9,18,37,2017-09-18
2201,2017,9,19,28,2017-09-19
2202,2017,9,20,25,2017-09-20
2203,2017,9,21,33,2017-09-21
2204,2017,9,22,19,2017-09-22
2205,2017,9,23,30,2017-09-23
2206,2017,9,24,26,2017-09-24
2207,2017,9,25,22,2017-09-25
2208,2017,9,26,16,2017-09-26
2209,2017,9,27,39,2017-09-27
2210,2017,9,28,18,2017-09-28
2211,2017,9,29,32,2017-09-29
2212,2017,9,30,25,2017-09-30
2213,2017,10,1,18,2017-10-01
2214,2017,10,2,38,2017-10-02
2215,2017,10,3,36,2017-10-03
2216,2017,10,4,27,2017-10-04
2217,2017,10,5,30,2017-10-05
2218,2017,10,6,22,2017-10-06
2219,2017,10,7,22,2017-10-07
2220,2017,10,8,29,2017-10-08
2221,2017,10,9,29,2017-10-09
2222,2017,10,10,43,2017-10-10
2223,2017,10,11,32,2017-10-11
2224,2017,10,12,28,2017-10-12
2225,2017,10,13,40,2017-10-13
2226,2017,10,14,27,2017-10-14
2227,2017,10,15,22,2017-10-15
2228,2017,10,16,38,2017-10-16
2229,2017,10,17,38,2017-10-17
2230,2017,10,18,50,2017-10-18
2231,2017,10,19,29,2017-10-19
2232,2017,10,20,44,2017-10-20
2233,2017,10,21,50,2017-10-21
2234,2017,10,22,48,2017-10-22
2235,2017,10,23,53,2017-10-23
2236,2017,10,24,36,2017-10-24
2237,2017,10,25,48,2017-10-25
2238,2017,10,26,59,2017-10-26
2239,2017,10,27,55,2017-10-27
2240,2017,10,28,24,2017-10-28
2241,2017,10,29,24,2017-10-29
2242,2017,10,30,50,2017-10-30
2243,2017,10,31,55,2017-10-31
2244,2017,11,1,69,2017-11-01
2245,2017,11,2,50,2017-11-02
2246,2017,11,3,58,2017-11-03
2247,2017,11,4,40,2017-11-04
2248,2017,11,5,55,2017-11-05
2249,2017,11,6,74,2017-11-06
2250,2017,11,7,67,2017-11-07
2251,2017,11,8,53,2017-11-08
2252,2017,11,9,64,2017-11-09
2253,2017,11,10,37,2017-11-10
2254,2017,11,11,59,2017-11-11
2255,2017,11,12,58,2017-11-12
2256,2017,11,13,53,2017-11-13
2257,2017,11,14,47,2017-11-14
2258,2017,11,15,47,2017-11-15
2259,2017,11,16,40,2017-11-16
2260,2017,11,17,60,2017-11-17
2261,2017,11,18,44,2017-11-18
2262,2017,11,19,51,2017-11-19
2263,2017,11,20,63,2017-11-20
2264,2017,11,21,65,2017-11-21
2265,2017,11,22,53,2017-11-22
2266,2017,11,23,44,2017-11-23
2267,2017,11,24,29,2017-11-24
2268,2017,11,25,22,2017-11-25
2269,2017,11,26,37,2017-11-26
2270,2017,11,27,77,2017-11-27
2271,2017,11,28,79,2017-11-28
2272,2017,11,29,71,2017-11-29
2273,2017,11,30,60,2017-11-30
2274,2017,12,1,69,2017-12-01
2275,2017,12,2,46,2017-12-02
2276,2017,12,3,55,2017-12-03
2277,2017,12,4,68,2017-12-04
2278,2017,12,5,71,2017-12-05
2279,2017,12,6,61,2017-12-06
2280,2017,12,7,85,2017-12-07
2281,2017,12,8,114,2017-12-08
2282,2017,12,9,57,2017-12-09
2283,2017,12,10,63,2017-12-10
2284,2017,12,11,86,2017-12-11
2285,2017,12,12,76,2017-12-12
2286,2017,12,13,97,2017-12-13
2287,2017,12,14,82,2017-12-14
2288,2017,12,15,74,2017-12-15
2289,2017,12,16,65,2017-12-16
2290,2017,12,17,81,2017-12-17
2291,2017,12,18,76,2017-12-18
2292,2017,12,19,91,2017-12-19
2293,2017,12,20,82,2017-12-20
2294,2017,12,21,96,2017-12-21
2295,2017,12,22,83,2017-12-22
2296,2017,12,23,95,2017-12-23
2297,2017,12,24,79,2017-12-24
2298,2017,12,25,59,2017-12-25
2299,2017,12,26,73,2017-12-26
2300,2017,12,27,88,2017-12-27
2301,2017,12,28,77,2017-12-28
2302,2017,12,29,80,2017-12-29
2303,2017,12,30,62,2017-12-30
2304,2017,12,31,40,2017-12-31
2305,2018,1,1,60,2018-01-01
2306,2018,1,2,75,2018-01-02
2307,2018,1,3,80,2018-01-03
2308,2018,1,4,99,2018-01-04
2309,2018,1,5,74,2018-01-05
2310,2018,1,6,84,2018-01-06
2311,2018,1,7,73,2018-01-07
2312,2018,1,8,85,2018-01-08
2313,2018,1,9,74,2018-01-09
2314,2018,1,10,100,2018-01-10
2315,2018,1,11,69,2018-01-11
2316,2018,1,12,66,2018-01-12
2317,2018,1,13,70,2018-01-13
2318,2018,1,14,66,2018-01-14
2319,2018,1,15,73,2018-01-15
2320,2018,1,16,78,2018-01-16
2321,2018,1,17,75,2018-01-17
2322,2018,1,18,64,2018-01-18
2323,2018,1,19,74,2018-01-19
2324,2018,1,20,44,2018-01-20
2325,2018,1,21,57,2018-01-21
2326,2018,1,22,73,2018-01-22
2327,2018,1,23,60,2018-01-23
2328,2018,1,24,73,2018-01-24
2329,2018,1,25,63,2018-01-25
2330,2018,1,26,61,2018-01-26
2331,2018,1,27,46,2018-01-27
2332,2018,1,28,46,2018-01-28
2333,2018,1,29,65,2018-01-29
2334,2018,1,30,49,2018-01-30
2335,2018,1,31,44,2018-01-31
2336,2018,2,1,51,2018-02-01
2337,2018,2,2,73,2018-02-02
2338,2018,2,3,50,2018-02-03
2339,2018,2,4,42,2018-02-04
2340,2018,2,5,40,2018-02-05
2341,2018,2,6,48,2018-02-06
2342,2018,2,7,52,2018-02-07
2343,2018,2,8,40,2018-02-08
2344,2018,2,9,52,2018-02-09
2345,2018,2,10,34,2018-02-10
2346,2018,2,11,32,2018-02-11
2347,2018,2,12,41,2018-02-12
2348,2018,2,13,60,2018-02-13
2349,2018,2,14,49,2018-02-14
2350,2018,2,15,42,2018-02-15
2351,2018,2,16,51,2018-02-16
2352,2018,2,17,33,2018-02-17
2353,2018,2,18,29,2018-02-18
2354,2018,2,19,62,2018-02-19
2355,2018,2,20,45,2018-02-20
2356,2018,2,21,40,2018-02-21
2357,2018,2,22,51,2018-02-22
2358,2018,2,23,50,2018-02-23
2359,2018,2,24,27,2018-02-24
2360,2018,2,25,24,2018-02-25
2361,2018,2,26,46,2018-02-26
2362,2018,2,27,37,2018-02-27
2363,2018,2,28,39,2018-02-28
2364,2018,3,1,37,2018-03-01
2365,2018,3,2,47,2018-03-02
2366,2018,3,3,25,2018-03-03
2367,2018,3,4,25,2018-03-04
2368,2018,3,5,53,2018-03-05
2369,2018,3,6,63,2018-03-06
2370,2018,3,7,40,2018-03-07
2371,2018,3,8,52,2018-03-08
2372,2018,3,9,57,2018-03-09
2373,2018,3,10,49,2018-03-10
2374,2018,3,11,44,2018-03-11
2375,2018,3,12,32,2018-03-12
2376,2018,3,13,38,2018-03-13
2377,2018,3,14,41,2018-03-14
2378,2018,3,15,32,2018-03-15
2379,2018,3,16,55,2018-03-16
2380,2018,3,17,32,2018-03-17
2381,2018,3,18,52,2018-03-18
2382,2018,3,19,43,2018-03-19
2383,2018,3,20,43,2018-03-20
2384,2018,3,21,70,2018-03-21
2385,2018,3,22,47,2018-03-22
2386,2018,3,23,46,2018-03-23
2387,2018,3,24,32,2018-03-24
2388,2018,3,25,26,2018-03-25
2389,2018,3,26,38,2018-03-26
2390,2018,3,27,30,2018-03-27
2391,2018,3,28,48,2018-03-28
2392,2018,3,29,36,2018-03-29
2393,2018,3,30,43,2018-03-30
2394,2018,3,31,36,2018-03-31
2395,2018,4,1,29,2018-04-01
2396,2018,4,2,33,2018-04-02
2397,2018,4,3,31,2018-04-03
2398,2018,4,4,31,2018-04-04
2399,2018,4,5,56,2018-04-05
2400,2018,4,6,36,2018-04-06
2401,2018,4,7,25,2018-04-07
2402,2018,4,8,30,2018-04-08
2403,2018,4,9,34,2018-04-09
2404,2018,4,10,33,2018-04-10
2405,2018,4,11,50,2018-04-11
2406,2018,4,12,33,2018-04-12
2407,2018,4,13,46,2018-04-13
2408,2018,4,14,22,2018-04-14
2409,2018,4,15,27,2018-04-15
2410,2018,4,16,27,2018-04-16
2411,2018,4,17,41,2018-04-17
2412,2018,4,18,40,2018-04-18
2413,2018,4,19,23,2018-04-19
2414,2018,4,20,22,2018-04-20
2415,2018,4,21,16,2018-04-21
2416,2018,4,22,34,2018-04-22
2417,2018,4,23,43,2018-04-23
2418,2018,4,24,28,2018-04-24
2419,2018,4,25,19,2018-04-25
2420,2018,4,26,27,2018-04-26
2421,2018,4,27,35,2018-04-27
2422,2018,4,28,16,2018-04-28
2423,2018,4,29,22,2018-04-29
2424,2018,4,30,21,2018-04-30
2425,2018,5,1,29,2018-05-01
2426,2018,5,2,40,2018-05-02
2427,2018,5,3,45,2018-05-03
2428,2018,5,4,32,2018-05-04
2429,2018,5,5,32,2018-05-05
2430,2018,5,6,24,2018-05-06
2431,2018,5,7,28,2018-05-07
2432,2018,5,8,33,2018-05-08
2433,2018,5,9,47,2018-05-09
2434,2018,5,10,25,2018-05-10
2435,2018,5,11,16,2018-05-11
2436,2018,5,12,34,2018-05-12
2437,2018,5,13,35,2018-05-13
2438,2018,5,14,36,2018-05-14
2439,2018,5,15,37,2018-05-15
2440,2018,5,16,27,2018-05-16
2441,2018,5,17,28,2018-05-17
2442,2018,5,18,30,2018-05-18
2443,2018,5,19,22,2018-05-19
2444,2018,5,20,24,2018-05-20
2445,2018,5,21,22,2018-05-21
2446,2018,5,22,35,2018-05-22
2447,2018,5,23,36,2018-05-23
2448,2018,5,24,42,2018-05-24
2449,2018,5,25,24,2018-05-25
2450,2018,5,26,21,2018-05-26
2451,2018,5,27,15,2018-05-27
2452,2018,5,28,30,2018-05-28
2453,2018,5,29,38,2018-05-29
2454,2018,5,30,26,2018-05-30
2455,2018,5,31,25,2018-05-31
2456,2018,6,1,32,2018-06-01
2457,2018,6,2,26,2018-06-02
2458,2018,6,3,22,2018-06-03
2459,2018,6,4,41,2018-06-04
2460,2018,6,5,35,2018-06-05
2461,2018,6,6,24,2018-06-06
2462,2018,6,7,31,2018-06-07
2463,2018,6,8,32,2018-06-08
2464,2018,6,9,23,2018-06-09
2465,2018,6,10,21,2018-06-10
2466,2018,6,11,24,2018-06-11
2467,2018,6,12,22,2018-06-12
2468,2018,6,13,57,2018-06-13
2469,2018,6,14,13,2018-06-14
2470,2018,6,15,26,2018-06-15
2471,2018,6,16,20,2018-06-16
2472,2018,6,17,10,2018-06-17
2473,2018,6,18,33,2018-06-18
2474,2018,6,19,26,2018-06-19
2475,2018,6,20,25,2018-06-20
2476,2018,6,21,32,2018-06-21
2477,2018,6,22,26,2018-06-22
2478,2018,6,23,17,2018-06-23
2479,2018,6,24,11,2018-06-24
2480,2018,6,25,28,2018-06-25
2481,2018,6,26,27,2018-06-26
2482,2018,6,27,28,2018-06-27
2483,2018,6,28,32,2018-06-28
2484,2018,6,29,30,2018-06-29
2485,2018,6,30,25,2018-06-30
2486,2018,7,1,13,2018-07-01
2487,2018,7,2,22,2018-07-02
2488,2018,7,3,21,2018-07-03
2489,2018,7,4,24,2018-07-04
2490,2018,7,5,27,2018-07-05
2491,2018,7,6,20,2018-07-06
2492,2018,7,7,13,2018-07-07
2493,2018,7,8,20,2018-07-08
2494,2018,7,9,20,2018-07-09
2495,2018,7,10,33,2018-07-10
2496,2018,7,11,30,2018-07-11
2497,2018,7,12,22,2018-07-12
2498,2018,7,13,43,2018-07-13
2499,2018,7,14,11,2018-07-14
2500,2018,7,15,16,2018-07-15
2501,2018,7,16,38,2018-07-16
2502,2018,7,17,43,2018-07-17
2503,2018,7,18,33,2018-07-18
2504,2018,7,19,23,2018-07-19
2505,2018,7,20,24,2018-07-20
2506,2018,7,21,10,2018-07-21
2507,2018,7,22,18,2018-07-22
2508,2018,7,23,28,2018-07-23
2509,2018,7,24,25,2018-07-24
2510,2018,7,25,27,2018-07-25
2511,2018,7,26,35,2018-07-26
2512,2018,7,27,38,2018-07-27
2513,2018,7,28,17,2018-07-28
2514,2018,7,29,16,2018-07-29
2515,2018,7,30,23,2018-07-30
2516,2018,7,31,31,2018-07-31
2517,2018,8,1,21,2018-08-01
2518,2018,8,2,32,2018-08-02
2519,2018,8,3,25,2018-08-03
2520,2018,8,4,16,2018-08-04
2521,2018,8,5,26,2018-08-05
2522,2018,8,6,17,2018-08-06
2523,2018,8,7,20,2018-08-07
2524,2018,8,8,14,2018-08-08
2525,2018,8,9,34,2018-08-09
2526,2018,8,10,27,2018-08-10
2527,2018,8,11,13,2018-08-11
2528,2018,8,12,16,2018-08-12
2529,2018,8,13,21,2018-08-13
2530,2018,8,14,22,2018-08-14
2531,2018,8,15,20,2018-08-15
2532,2018,8,16,42,2018-08-16
2533,2018,8,17,37,2018-08-17
2534,2018,8,18,10,2018-08-18
2535,2018,8,19,14,2018-08-19
2536,2018,8,20,24,2018-08-20
2537,2018,8,21,36,2018-08-21
2538,2018,8,22,22,2018-08-22
2539,2018,8,23,39,2018-08-23
2540,2018,8,24,17,2018-08-24
2541,2018,8,25,12,2018-08-25
2542,2018,8,26,17,2018-08-26
2543,2018,8,27,22,2018-08-27
2544,2018,8,28,28,2018-08-28
2545,2018,8,29,27,2018-08-29
2546,2018,8,30,35,2018-08-30
2547,2018,8,31,33,2018-08-31
2548,2018,9,1,22,2018-09-01
2549,2018,9,2,9,2018-09-02
2550,2018,9,3,23,2018-09-03
2551,2018,9,4,24,2018-09-04
2552,2018,9,5,16,2018-09-05
2553,2018,9,6,40,2018-09-06
2554,2018,9,7,22,2018-09-07
2555,2018,9,8,14,2018-09-08
2556,2018,9,9,8,2018-09-09
2557,2018,9,10,14,2018-09-10
2558,2018,9,11,33,2018-09-11
2559,2018,9,12,33,2018-09-12
2560,2018,9,13,34,2018-09-13
2561,2018,9,14,28,2018-09-14
2562,2018,9,15,25,2018-09-15
2563,2018,9,16,31,2018-09-16
2564,2018,9,17,29,2018-09-17
2565,2018,9,18,27,2018-09-18
2566,2018,9,19,26,2018-09-19
2567,2018,9,20,21,2018-09-20
2568,2018,9,21,22,2018-09-21
2569,2018,9,22,13,2018-09-22
2570,2018,9,23,13,2018-09-23
2571,2018,9,24,25,2018-09-24
2572,2018,9,25,16,2018-09-25
2573,2018,9,26,28,2018-09-26
2574,2018,9,27,15,2018-09-27
2575,2018,9,28,19,2018-09-28
2576,2018,9,29,15,2018-09-29
2577,2018,9,30,15,2018-09-30
2578,2018,10,1,20,2018-10-01
2579,2018,10,2,15,2018-10-02
2580,2018,10,3,13,2018-10-03
2581,2018,10,4,29,2018-10-04
2582,2018,10,5,23,2018-10-05
2583,2018,10,6,20,2018-10-06
2584,2018,10,7,9,2018-10-07
2585,2018,10,8,21,2018-10-08
2586,2018,10,9,31,2018-10-09
2587,2018,10,10,30,2018-10-10
2588,2018,10,11,19,2018-10-11
2589,2018,10,12,22,2018-10-12
2590,2018,10,13,16,2018-10-13
2591,2018,10,14,13,2018-10-14
2592,2018,10,15,23,2018-10-15
2593,2018,10,16,17,2018-10-16
2594,2018,10,17,22,2018-10-17
2595,2018,10,18,21,2018-10-18
2596,2018,10,19,20,2018-10-19
2597,2018,10,20,23,2018-10-20
2598,2018,10,21,16,2018-10-21
2599,2018,10,22,17,2018-10-22
2600,2018,10,23,18,2018-10-23
2601,2018,10,24,18,2018-10-24
2602,2018,10,25,21,2018-10-25
2603,2018,10,26,19,2018-10-26
2604,2018,10,27,15,2018-10-27
2605,2018,10,28,12,2018-10-28
2606,2018,10,29,9,2018-10-29
2607,2018,10,30,29,2018-10-30
2608,2018,10,31,27,2018-10-31
2609,2018,11,1,25,2018-11-01
2610,2018,11,2,21,2018-11-02
2611,2018,11,3,20,2018-11-03
2612,2018,11,4,25,2018-11-04
2613,2018,11,5,24,2018-11-05
2614,2018,11,6,29,2018-11-06
2615,2018,11,7,25,2018-11-07
2616,2018,11,8,22,2018-11-08
2617,2018,11,9,30,2018-11-09
2618,2018,11,10,24,2018-11-10
2619,2018,11,11,28,2018-11-11
2620,2018,11,12,21,2018-11-12
2621,2018,11,13,15,2018-11-13
2622,2018,11,14,31,2018-11-14
2623,2018,11,15,19,2018-11-15
2624,2018,11,16,38,2018-11-16
2625,2018,11,17,28,2018-11-17
2626,2018,11,18,17,2018-11-18
2627,2018,11,19,22,2018-11-19
2628,2018,11,20,25,2018-11-20
2629,2018,11,21,28,2018-11-21
2630,2018,11,22,22,2018-11-22
2631,2018,11,23,19,2018-11-23
2632,2018,11,24,18,2018-11-24
2633,2018,11,25,17,2018-11-25
2634,2018,11,26,30,2018-11-26
2635,2018,11,27,34,2018-11-27
2636,2018,11,28,30,2018-11-28
2637,2018,11,29,27,2018-11-29
2638,2018,11,30,31,2018-11-30
2639,2018,12,1,16,2018-12-01
2640,2018,12,2,3,2018-12-02
